26 100 9
9146132747449642187714789623694114372279144132871665152687876965289395358334868395756816642863472893
8218332813322794785454246684632976786787166141261771546821696942245624529483966395531365761998355393
3441881289123914356144158255816497844345513921219561797596145514465764149868489297967699145226698514
3795592475358791199177931891656628797269298612791859447222732869869673612294541568731626463281568757
8426811417421938868217585517954225454546974769893193776154391238911333455387863197898763396153322586
1667758714588931397681815259718794586436556717711734551676271572358383431466114791789367247772134637
8799351148347621141828111517797385888881957945357566377331715882168625631331141678152389143439662999
8726271566315463925596958458242466544241754727767435883933344231851264849824796488462121493386446111
5833314111928276922821629683862181166158215857749882974749726266139352579579616517882676327863384271
5769672282285114324367278187988198391898438894324888527323932547568861164135876519622845538433478367
1823769987174432433365553273435537368152482261961713247458564556651525879283659383526414671175611348
3451347855125614438759546724186354759682757533728544949171586469127935634951895131443247279655258673
4533459924558633468466531193227425724697376347748577181179949697123676665996345146366346614342138868
4476518344867154868841347651357614163698378257445191794123646675236133985722486856912241747196847579
5773459655651792463911482844451224324919586114132919285518713229241627253876373844655264789455492354
1614569636999476853495531495897717978483675398298984947312847821347694244439363655748597415965922116
8419551141153145357831451712186329783974754646396348222388939152835173697431225727454675772397839153
5157434173769114192741985729559436799892351311457519176854686296669224784646332317932386597619383861
7948286536441431224774464236143773561147291811665384963513657111684435124641172199924788179135945728
2769483911212967892999153761436666943965563516465315896588663353546447181176529792945267373294337772
2396313248396224813479685171281468313339693682991886928171532567157227428221148786757319924235115228
8689445444427787439348271278827336871636544143393657686338191775134687824738795983381368645887814539
6923573819785781245129327631885624849654441546767849111315646985936712356564358758839121369937171968
1624125891834931514573519441388571529391759544497155441551973429169638825935956349275546167694823839
7281482953237739659519397556277446679947787537186923546175799331992199432445454485628937985886866945
2532246121868497869772239257144225333555196729821176674594633812481778231779376589997569138334124317
6523469541689143218469964464142288358432628246393419616927199798426297292188231766234115943243614153
2913133173979316459893285969847495751877222938574453737593647658414849997488624783782727699113361789
7228155741188952555455716747799887138368534492686989699789137243419889391294766793225469722751737662
3127247934324949225975918622335573967146483635343464436652159198437514442832168895727528964914566753
8726451174687894433895947812366453332754858219358949858944329614785782694267715514247467799191679312
3597999816987339851729624764688237379989241521633473268964288118952175375663449679319422436455717324
9991538989831636757277121268941842772146693953556799961388928168445826824848495174413785656986899837
2135714253951949787367779762845313174481662288317658476996857938531273788654866171272694275893694735
6558797735388154827468926519764841891851443371274622545716888359921761999553974625537159993224593191
9974759292495973656551668891685698468544181847132233137338299796656924955166312596373973821685564222
6265665734483441286414258999951842152488323696837676633353318626272774948353135683528182237143765714
8688722773479181689162276138973755196445378911522243682856955948557689591391754858289754861139523661
5856631939317312486283136521463788259924898639442889485787141344799785826766425484697328691588327233
9428624919188734767272634986481997812321381677222435379759214338116664457833554834262711339985535932
8667547112758733653986673749718928961926498847714563819781279722138912867229951952966777199458781878
1426941135822936323521139756959225857923738793787558967148327479147732769498977544228877638456217367
7834425584983451414435682517817393333917798134344777462212893225781353267476783355725837228848923236
4343363661662292214524612855242647539721398295923969544578366451453424621468632448134657597272179948
7545441444916712934237748748164256446281331769218666624828263279955399544266327376258791324546681864
4127486825583391723591556198151859769138959131512898168197456243111925316845411523637755174666277178
1499954936453878742173685722752222426714464971778493375759969257543523675515681871921422776267861487
5738551131226123783371137489232134139357131716442991199463468244868452397476516545177789774174813715
5845325943476124225555887993292933831137879438337794561422446694883796787769837297418734825528874948
6828419267165674756115374752947514116621415659156598539959379366257568264391366942485275128929774789
3232845582953945646913757113467345761493881676251794774895555467118815675931867693121545618173464721
6444796165887712517115577369443488542581771528236748717354423783263133577536867585326836163234954161
8676785338383724352446336928892234274939996964416279234859184241553358517586436978918481668775995585
4265825231952787112821974982136736353238914946423542631489663761465658476881218561245811764852671767
4858963881972957197792559637629914323889785231354634448426112729733529332936699867191127617164224174
4239415678844539191786462548189149543197333912957226332374668113787928593966862884835958529567734833
3793634318266143934665369874885151479775824373314747619697858891263444117234284978438756796633214792
8865613621869427325752266565962442455733414449763262399434279191452142115386828293259541568684534831
1241733347646748324323658329678473178691449997617973177143467832759559992833947493659858626468893149
8519718882772541866931818636167621137216219546947898569181338921823993167374448289618691786553526831
4223929369971414365596666797763687861841483146327562374296171936338191365566498381918244567464181135
9242884316627176961627956968938259565324561824925891587597848818599162398946649573325965754124728445
7421594771838316472514246645491342982582659489322452698633536338927895687482876693698768992692349643
2623297697983752325233925123428553779451348263851859536659425694223621924526359981663576991172412813
2253733992399874548226679574877919824839993285813715275767662429428523668779735786549529981288424134
7919321236455631564399766464139461832522363565234478697521335145116176336556925733495112811166565498
5788459998322786818638483926745792269993623813646342324831546778915193936835978755547618636369832697
6561685615699657958782857393538199147959384441855625336261193419191615914825711263832818954517229247
4899391262233767858723396488176891989788584789683915177118251491736353737631165724939284764146854527
7164686969329718564879315197264132865645489357431884983919839132129963869683315932559349277622269898
9434544848161954338249578472912261333869884437628758692835238211377294773745146377496423833943349939
2642894318653194456153491146455634955934579663489863834557162745361978743211566759291919135736298417
2364321542336446415716432372457779313234917843268217115346256289632819427584914535133588426254468887
9412681648536173271627772985363548558611694513568435971186592188584713794523594157754152973522173934
7438922348529945753575124995443528343948919731763549434459444376548823927418577599189113967942771395
1839541164955388486755361329991456638457175294855868278629119138294189318962386362565385516636527154
2595554895494682997966321473499267846582986199635919711173421941667184887393415522456689685958782961
1343744529366727928932847325768783931458227448746763524214362426516752239395245233323359326895715128
5163915248757816721667468949644139666957328424689146779981418929659579714476724197978419986684986328
8877134192333856339673852698775515433689716149278474966151588263381991885773383394174292516233462132
7179892974321175225683522184835431578873549742844238644531967612611937459778641851886698648346396864
4798853771955746814165526468355321215293447516317182988799378273382973842319676859472511768812586462
3586458172164483371883484383377763512679613214947794947856382661217971295546225179919865598826187171
2916113776884184719988263291374149397124319948638158962712226851775916548583972997419375811159885737
9789422469663167158869519161257561731898678346591475766224335179627731734355794213723166591574194941
6185874182371491157413515472496753828728175398234194784459666699793926623674873534522325369781233965
7212484847686112636621161728854625474169255882614749451878942918116468533511956986176637779994351467
6365988126618814384985114138588965478228685655425779881614912223194744191791766227119792294615716126
6322181717656258561471187175259391851442747135913195968698776636241486719216186885681848668428126241
8766289536487381613119355482452985578559465419533496722863725757252988327548647847889393699119593726
2773166839224141464439625263751642868131169277167629871517988556233699152735279989721586231752874161
8864486638932622141856558179129441967167383813782555111647818316543281382228282498752821561518879597
8423123787759739144694122312767166793188764518191963713395348261745984226268237869226933999573785638
5687157313377433327127315639329139145422852181496959484253732553726538613658362123387647799517675698
4756776855661762197514215644171418416362223862528195869699165979445157169398683912928164583866793837
5258742584287817153489579432955491356388298135239667775646369949561829395923521767381378358371678718
2853482683464352133778951583866273172712972984578196196598638955778334571531767949781744138482934668
5694878658135955256384299969933487766992999239796614152991476463517442762828564291295993537146684967
3549531881934659949516734682315126327179638619393648143586457757761313553915665548615814662345792456
1863431959924721228538731246374196297361159325883546839222745897384823456181669967745632379546668516
