32 100 9
4688515382176142949472352378928346215559652487235796573556945817283581782855814571728989294733249672
6587229285474353518514732481413465747813296977488636744356193596371788422761684184828399192541787574
8121986923945499269672582349191632422185312599269398652338863599894137321571755774353978689791549714
7962817942487861288899323286582942386574674326647628837363958725792926125589581789737718163977482611
7181366999134814352855166694857968864648186922738243829111767419479649621838579733753257474737621839
5199773812283622669988761216539232296476392637282789821524551538683685283425586963874126821779617585
6819185195711331979878574236753497856141398588627167619464748414938637418341371828378876963577921924
1998181684742965347456132729678174133311636926888946543426735794671893432398551989158278782741883534
5794768851758679474718992187384416168192959575895397459266139927992162145334148714768659721833287441
2536948229395943874991754255258558685539444631284196212431131764624259478362615777125882954751474199
9671666922462543484925651968815265418553253982284956671758496418554646492177779196679828147142636331
2825777342774886213675169945168727174423225781413219867889669521272996283849243257241737463269711247
4384141738257992441769415925921593964927587623251431523259899317632872468622832946427312728483689219
7534146897662615842713614682292532721588883812447247726483268559581923894272582678522448922326829815
9582454746465795536383313997547111248661729142883429384365888897375116665317329381962621432444131314
4312915768717615964199441921239417676243438264524432542616692264528832567688619425476837357984651135
8725689791475592147318189467355477796385152962533347199387382418859927617473938579153662772547663163
3552258557752153351475736547945987471146877344468685776452867161515615466434192985599377945893993232
4566943865143322168689876853175735656139371854661887633385641687211319979429571424925788322252796134
3555391438755745153125419617689534645461782183311439256324438871625131435729375551996789136563993688
1548534426366468771539528717119728364233495378121726673918288171448336754463281966992223881688286523
6218398958564459173935953666898871123482875821795351942537816962734762488195968811474961755851195421
1362326554215546215282691383465932469642857281513387252114795439147117111635299378772497578272169755
5355877396823642158789698436548921326658392822864717385619824295173852762693811194354594245421918277
6343549965374874618898152798413583878533516282158357323922836289859724431138629841932144912766767475
8499846437385792442456624439982477366224875462926174913797997964455931657985516116191245561263987173
4717979553973366482549513314127615823253563788733462695514275325799955695241311382415845163424719135
9892923681864611276233939495356531354597879965497175677286635699537594949798446841176445722692875179
8578786748688748794829726998696973463593521318431673182422888711716545982473873585471754544788863685
8531767543125942388185442292124891118687663982284337673868316642328182829892337169848158283939736625
3919486893443639514225351136796958519297893675186567675486989622787647649182777562143942639376511456
6586585914385757732842531928599599437796886142113328672753366213556982494126747393665734927458521912
2978788258185476915674481374342411847517611837227292626184383751185698744451962319554458172798897919
1328243562526279396535222444957186438395286936217489185728884758868417355659275255752794367963386436
8218254691756484313818479952324677665571727352249475892945773126132242647958528341679239443326911422
3248832286651457373744355475247235778693654464638911855444594213365631113539231249525136357112962951
4198827548178162786462924959766612418779275328618834374618379797871574964327327376235296418239252914
6881763448643987375373299534535183639881323368898562376383716863924296884768649428686311415255782544
8122853156819583178683738193483819815631214841593167249449847845659738614313841149654142278833389828
5813233369655373487455997332961354885187964677574792139199387491527218863879723234866493697452769629
2541291861397313267994915635633513236745187625273152377221892579619898136127724429244226963512176788
1947229497547539275396854158174571153889494132337878271325856889535797771871951431896874477972218969
8184353167551452492955366418178814883888548915529983947378642525662598123132993781637942935782743765
8326365556749693541758852446226426396613598767937984846765144649191792288164673748485151232722662217
8699765166969635114588659643293936417423953491478662823462554835612883132181548838583534833886137371
8428464713844585549596827991957123948423779671653623454997754442299995573326769469214197641115983875
7139854131748832221276316776748416136967139387815621143589836133199837293186272243148876214872516218
3689984595186312925459521628429582827516838223949245526471188371714287716942154817741145757223383737
5197658858167353126317356883993826666711787572217362427883571717113158113274868474561381331128365848
2526845882614663732815917187392753235978432337484518743492675559837816369654513629491982347765137451
1688139499388535839331589736428975198797468656544981683651272182175866874735381521753337972121551227
5649494896777943422597589744461695578464534229964533372892926697551291659954536364748171348548915653
2547232114558466281786394536633624497276793358418849353267595487813187597984939788916293897313432855
5224332732727381694961436791148391186962727938657292298127381341717655953819938252144564311464333856
9266356985513279849867677273718427328755523863383458511222136571999686467353322373484973858783173686
9964178825297441743335864669236918288331869122239669477822444743689995798698439267294329251594826276
6789544168728937534427169666893577164685511964283327843167478158667855576882725798924421792633357771
3788937124144413837338873421971562681672795756958489391248965479912474239599498374967491439988649629
4599782249933589556819574783127933266762663511667514952166248938574463227135677519523837459217655781
3559992948952268462873255591946747496163967296351277589117455438829872849666521827569637781345534153
7736342952553753411516511623959651454922533129881518638665983295538583848264155648919542636226433213
9622919596645345654221796524234466665912486927629495475721638325167514442811489113548772214251149647
2114686929551169659477326421415134873319576263875221465121117285127884445719695338381437539259674788
1229875616155996251382453393376412481258966897853913572698914935848433446932451528616643694881517319
4618887919563254219719987285199959937849698425231723317555869383237387985719449322888689192668134764
9597695489675619151526851255473899738353185125839893614663167281642782174265276728898442266354883898
1413497979325228915426467882456498327832433632982472781778353986255356893398464695131573638959496268
6669787184979652228282395264132588895986478368812838476538857921641931532763587664874829583956859699
5258777978833586943659798813679557968959959699812255471975975684325728365148953167159983896742266342
2197584873272577965159976983322648461459471742878819588669246636165955155192618592743923391159952391
5952457821376637127415928714748576638385675128577139835517585188866254166263469638452553844163175879
7352658822666872734779621499927698328979841675817172768263978529682121872835242231231675695711247532
9968299941857736727394146497264919136199823734146553275924164815748615951868767727446915923379611539
7754281141414269275593496861798263173326374964253633817687982333147258899664314132684274761961749689
2679767392384563843525664479992467771566771545626552616938658171591942258787271966229773375716211583
9839875465981331236341923325413232526862836685825523226829734668392184647118127992479327819554272481
7983582677295456135268613776231957283976555397726738381149966871176298135316135295312161238382452237
2445961299468398419888491769544456847268434251649254896273332878998924997392335385387414456279585165
3562139358266211367132237619623655678735997429778554986662836389725259779744538117684996766473217515
3279422922265135214379826669179429522158465541244937264757236775879356956157654645123597719421313295
5128413678178751629513841569788831628138291218926999856539294521696972527812638297899628847481863327
8778186618617771941786329856744539735326773889747849181976747673866142224443358684864256652688988521
1287734289553386578237794953737643332992784431747184821477741567964951858841925825432899178914287823
7681569438182549487953947623132935277453439356994198365522683155583377483222246969634925782473431137
8391559666656446775365922255497351799651296113966454874733654225921177789782735447486266979243525281
3815528259611762177198431497393813849764735417648158537759545276944148517411968388556429717536629514
5488842231273656231398273854354969721968742763225299954357369263299159575927163329769637943194659668
9278395829282143392141595174479463474178523657334868127892613453482911284718783487255672358467895625
3737392288381597647959363887184138299454853149387159392643968277438724447435235688538598129918911231
4641798328373783178769544574774479884251935896434948851663471452158782676938953941793116439883742583
6855824417988963133643451634387863949671779217137112672334894591724922154529458333375486494544892934
5359184743822123516877158474931924676822646661434438966111336247548952181172512188165393853617772241
7191937832297318866633429961463596419739136776321348477653364265143219971232937282264332749465228697
7532597431264543934148451964564133553818236533654195981151866769392814933295976392995812534264592529
6543168333894232824997781129834343246183587822292383754594125528942382534567731332638949764948464986
8812139561928723515914828816753734767922765981152133965598313469889346379326647968896243327787377113
4447277936867952577298158328592472791153367198517211227559122999443413695982888417916626439692364399
8422444813222644696824328791378674221379775162369851623146828261269221841777288998277839338569952115
8837945624275243927674249126251919451639873254621115754134421653668459473886268424663215547278117475
9912635878889652947847113427883177145369899569279654229272516148387367449938511465143862545712615158
