45 100 9
4497147875762434254189232574317441162245478144364956654316668181853887239324328962299386632263521422
4976926864684541921823875251232332162793346178785343293758754883481696959838458264195619526154979719
9112314499951777129929244315693687875788134946463374474165741672693699169618919711498849157985978817
1662631631211151926794967785147563727122394139319195459639228277591915146955444834136673731149138569
2771796722357649945535549438286283211677445224354261155317211272659844445682316419216856797431934113
5896486483251694528565699615361242965358181917143871427148263231244819534236438977992533138423419529
7844336169789339985522238334411163532149154569339776573841839138745686327483229879265665312546883782
6798544738615758822223658456333561441655749965669641859579511565446747593664939349628128424747917418
4117947122658575444329997898275635243373961574348767864288341485574857294849842466484576938323793644
9261137883315548864442538555259732511366836787559684337752835455124772886397964712418459683213811354
9957288153914333832341498899517949631183279216664537936837286738492588258743433745969597327631928617
4251186415292262225622423971493162562234834742882344644733429857671344141328216117974844558273451492
9148994158912787895949849992942733974559955543559884467246865893752448157556979771472295342924415475
4973938736347157889999279759357949487673652996584922834441587844126558131853945186882859287285945587
4576425152875561843129952194819434257747282732269272695137883139121345361258981411357927482832581512
5841357267412861441223151386823822875523439179787325917131573851796388379646819172323329591331747817
1177434221349197953452493673452467466855231966678988662347668849627454457716362242519278473854642221
8271771469613561513572193542476598759375114237851134962795239183759967464976517598261684227297463581
1841621192648993388146313179872562267285147556638429546676565114631466469468957148197579753726533457
6349819234681957754616579195643633632833887584781866883987658562591779686258197682276941325658363956
7469715738311931971758215384118466885481482169545322455573424354359353415249243389259379634194745666
3393561764512492899721147522867365976287379119423966471631241656322965465468656851873762298956229883
9428574538153231194922862788982958326459952188368137888968295296515721658335677449459693222177369378
6675615532272911899779296547389272821314871667831173784411428722632753922322571167582732883915339421
5278513118585192798714263298132182365367923241542138193769868291877687817196144616847177973837412698
5845427947436122254846682734677315192191676195989291213353513113235857829957734852582156276525869648
5643731998724734727159466717519195937967583561911464286618546589757981667949956176485795193434697696
9249572595586548737948379967198449264332632741689967626425445859965816736595756947442726659692387514
6942831847924847238969987725522769283668593182876784723933292926984648717952675957922662657124371996
4786594492846541133796787149843731935454572284531413266258497513749377129687243653612924391391634163
8351725857976364352287372277157938385483495745896473547233576423873451278443773673876417326926814743
2782591334392531739868164412228965818981611865575887825197184194366926596771515122434211964934717517
5141543477645171311524628949435383983777124626174435373326375893253239936247929933759586764755447872
5556553956817118924119554111954447372693598218987744334883126125817229752652297241745246381852179116
8838314497956533453461334246814688553756479391582731989875256645272285322175432682839273831148328941
7337413759465575559795411325842261472499479921221794595894899388355378369583556632459529273671591955
9985225258441463721495582157214355339433541997423235566333198428938829117429367142279745367165945458
6377724511762467974121652183524916231366334695295715374652795197583864141398794861283798914461696173
9995134668318881656389999627237381681986187675631944499824833641154485329143598143775893351245641438
6217948184357884987498217973567512475273767762169462243662942828356614647764544822617975724757356954
6345188422836236431762841531899733966629868434314368952583319988333433489767149288883213272217485843
8121483952397892149143413896488587614943285837939216225416226883538141621836132587154673834995824323
1844452366246669857467211575978789286473788312618468559638724422113266146359876113941355535485962745
9555491516979144588233991836887876335384341364218648716692561988378119397112529718917496441324442476
1816251128335855127454275935993989983557449525177954289541278938232624739474289222154761237414729217
3819153498497871113455958695563258171265255823135585261555955854584538713182357623553734513953986462
6142391258794586572671615774891415892469728159648113276584129195467857988186328215427757929976865598
1773645564423472477831919487523282934222524692111523367133656426716994665583283333368232728344594817
7262988347597957392375533995128127448273869916593369549585221816876648729873667955425263437769715397
6475574153322634737336296231234949197165938439399786955454743861838328887292286925229716935382595317
4494613266773219261927859483782714348891435165156979368695824167861741331748748878851678337346534333
5615523676375312946826381775755832379699555282514419884326432899198883227917239759834992815367579924
7575127621754934813356144762533967417929455854994535175847474958433624284159232821743294499356399234
7751483969378422821921639272936624811876197564863155918849377832637453479779691233458547183913768794
1863819494971881457268934127625952323641114456321383559731684546174281144435133527797283117959762469
7551265226873296497189573856918751462767214389238657916563797195533542659757925678525216472249735673
7251786289846686885875874621983668758175117941252759377136648889786429251773453941983114899257437694
9919581418955325932654928155634659716346932834845531289846168296539789437974353853321496861774255514
7612787293459644728215128351392516121198618186686769616968172228316685325425415294598417647489935113
9888629941726484435122521923593543238774457452969824717537335714119494316942588857416871776981747386
5533485248296932629578248791148825819769969563941282189888336253768329727731298692747137986896967538
5425961766194633258953378592146995414382147738737847212174817368732656354394162182475851484998736981
6678691714737541136726975536966619174863913216634972965142664454712614754357916232769321472611269875
4558913438226339243468969192147963832267752592811184271646226761227722979738626968172399552663587335
2922186121592217942742664254731464921867626625766858274218117256468968148649511668576683756677682743
3311222352268461781721959427154472949627159778612372326528836997522635797114127823673181713522945687
7397465951267278422814868448914279725848648436389616164646228471821425628641811215836984459464333337
8625911668215157672218244467242417729145315789229446668171356744327435958988483977542867798227272889
7274451467675329248643577214528815466618896296765547615175664752944473828389823557492344866234421516
3899482686518531421164277953157624939449447937497287382388368615287897165351186163975175279188563866
6895517144428973857983729615181758939821284696741554659356573199778314647891931372327337762885751495
9872568911987895114696925964825124195516859744211119926932931798275918346956938711488459635217733433
9942385314999831697961162838327811676939181887641631988365734914983823168434456489993281397561919283
5884966983111224295958899198483563666144924794999366197898274493436973864658955766834674589937167356
8628628373537567571371397286371917333515774831448583696294474276139867334653697179539959812732674516
1785935275556361359531346772486147898387412649435886991652538686495636795548212961672233767733954714
6573235951683677695146399533973447474217187854957587424775771672966251778312452254559549852637294121
7681347892374319314333165389572463464684355742113617651498911236374826318137518575569919232347558545
3751783373757617749613228228376937934351412543667378739519767949446134687322511325949982362923766778
1146912899144484224233755822668528385354761143114949834465274842387233174368317559395668695525822138
6268658766867297723971685139736815195551419641738423358647717412654957117981326398524515617949215559
9939866197142626556398765399859583367912559214455139347941278771397931231397563195838622953823351392
5334395487718944327728456562499276942568776487822886521448567392218993177266296353824182423741829859
7974993523751767538319966844532692841424842638489941812277331117576167184945189426387888562347642982
1385279972999577788399583736424835872451243657954156534422518525634862591852655736858148155292222815
7364884821538994145865585311224156193612974419229818765959567663531354324453233176184839175726956535
5895459554548526777344944736124638456233914168143261142688589315126841246122795982221143852615487797
3662326138951815313763551324442596434738276799184666923285956875399199413752954278934331667298553296
1555834757539157192142938396932232557515132961987573595641489972184242294728635372446564898333313619
6921656994495216243369774114825155265826466576678891951995673528434724622235866832882846673135147385
3185419349464999995828178752465681553798875142484958959947124662165584564614344554591686682933229679
6181258925119285373288782764456343788272472688496113357231467473286511865695482438616861216333298323
5817526571928416552182314993381791575984424423444389722111738235934458311297182289282844331934118166
6194821272913199838159938585134546746956542153758473298396199225657674499951425175695789111535771778
6693585283363927688977895867427911733681725298974184999374499584481858534911194834474279921885631757
4729864823559633659376223223828783917975533974996454463672738241958983815232897392266555437385485311
1312658876848592465651738938378376875523686255514473786315678383174636949886158982313249274863227874
9894532237727148863661362921937628572812167898435652264318424323767655574795791423431526168458766273
3691876411885116885496954478696954842621717661318851727571731539691817555951865868149463436797913312
5111758532991426653296398742479187133493213269631818984121429632122573256354675433254128237923779765
