28 100 9
7122883873439242978467954637919178851154217948648774879498981399922188244881864284484961821511519564
3597786236775358682276113637759448636726935578416233797372177915473642165128846438359366352445547922
9875382568378848648863481691977892333188416874294126434574347774731347847431678263624843527474918733
1575641287361695368198927722525732682465497214976451692136384942217818971377438112289957143183754222
3865823379382629357744782391487896498697495769481872398278357967485229735341671332199234621659257785
4336293649293764673224566974698121357571883214715255883927148386313627682951832459631536119356391375
9285436214994594718914917835478448356185625169326297486936867224831834383342242694381664485839315867
7863295588256457853557887826765625134841487357213324122184737793511441999832324467782929187424278981
1225544722549519965289127455639816245428529484927294598586969928666612457869224998182286354452483584
7581357342827475419235693856381113454641636993582847389325833358247865889775448254434747259113659765
3262676599135813988463452394557246766473226351444331473378236278764499763154232234365163351647122571
2879425264986733588168663982881392277967587419776643912919471346119765867433111449749683812317617892
9882456827457569326819571664214874746649242629286915741865835769418425982749593666118178783559633939
2498333252947831718823175575126166593373179687222844554757633685719682489322538632652577397818312986
7544572673284541597437321795716467972893436295444793415887912553164113311731819928425598442628366619
8543234668474958571383589328615597341554141565821325766976957625742685257917981823836541798549798286
1381187379473752417743737725289353828732478864327111852725422789291191534222578331583859918134299615
6888141584722857124955832163221245659693828284773527777815446437526725634887994872143624637692685652
6692231598263922452618836135281495967962919149619858835117696846394949228158386568974587192425574458
5925871241972179951712829559967843456553339464691213343944167254428743216761375431477233618293527418
7428645113567267329321359953837692441815111484748327354992112544669164325252699781247558667579391256
2311635757855665976267551922186367327616963477994928629327914618294197682555939688176151717524772771
6426856455734961868295549363214815277379437931395333369788133168284154635911415176211177847724824687
7911298624581884581395173757914847221578514796855311497682577674319948744448648565486979611975332568
4584321235229331752865727639512843978878532364188751762434918291345458248472163535281937417344322889
8771446138317992458626965324391985193576336611473297155785746466474421992143475419168985979252146427
7224137453267515738222156774282234723256935262195731743384417746284334763228692277323393345189144696
4892122432153353392629541869475957798766375678672387845925813355925814133866864199671597895926242199
7416752422741851694347622765774634672224882851821235546661946776741734773469541265876552474844468342
6787889312864941235239429642465834561431878914375716533166546154574226465143519691634947619637377132
2732215457192573962152847859267118577382747295486245452684336566569468148555513355532725734283911135
5397361729295445246881896169732119742114973596131697923873278871159268354431513874783971349513741399
1224924448893553258512887735324711919729444683361781227946667223569629918467624941635751544229346986
1393432485896727981566421573629471172296619935135535528742614829398539817729588979723536266636272945
2752527415246421739693531756222849493561225348919281395154711539156251386351619585933719676953624924
6643354952158814256811461692917767276712243216568984349838831791948218952213387698724467557634693796
1469983577521135115141154491925285898536789799542155412835179457188784193531832316671146729835426251
6958358156267138919657592829334963342745598871216543244151463743463228888633586464611595941528567472
2681418487449921993339295114819522983817361155529275465699652718259556452211385994896329868258841666
9918317524164163438938516438967274684348826421723931253643551519163697381579528856261141478912371457
9354973156118717931997746263839623834132845947215521589558892738793864378332788914856756586419694246
3859961688456113186719837326794181322694192259392154267675733859634434765981768838881685232114535837
1795514574584798851445239478119664199522436763364934838225273314988339244193793971562659241342655398
1412736275261677345553215338738789746245691473784573147354994631255556454149639489319168137664731841
9568867814123825693575662441893471241785183374341654548751172583235252537431478292211176534197351899
7368337143712999143762934113211973162239514213727252754893242694698296176176877617823884847275261165
1444871848355428227298749549314218555467853222239443911521894522223424792415636835745654941129364829
6825219731626133452184481573734593449219456336488255525173959534493283895739183261252249278842532682
4395258559151894731199747274475238999433913613593872869674632332712196986594928854913544699293138935
3412553733991674828316354768719899749945753856223899261112123941722693547699445823951929648129232228
6549335859199839842398727139112243774717255955559192342467252711942913498165265241443955521621968146
8919338152485678726862979779251924872522794987912188864425241976795279714527775719333197233865835352
3618542634983889615441513867622962433131955686196636277343957486435795286238337335935638979879746141
2378521128892426861461118272447632486989561368646971436248789811183589359414374299136243972677394365
3413469965111599146789732315572386496964856628576994784134982946177519656268786177692967617151668681
5799673765759955919854257932662217562333661647255841373484621866496618245216418911948714463119439535
3194229227735369539637773539464572963494724161995211269564673833484471752761692988415598747515642114
3246829533458675742596329379959295866143882866374436727238643559853228528734924827633761444942149522
8631773533776429312989753252227493811169884795325747718744469973438779824816175841529856113449656967
2753771481855582944839889244819425413848265983642111812391176632183611752716443632156416179728692821
4758616822239818325878955526746141534698413478717436632275891675766457618184162952541961359746337324
3635436132923613268943612437431596867147526393913211617861627675222442836719687338931478864559728586
8479189681213543581141865867438445249273264795175232199898181169923544319792812172644746282739845995
3326667187771885515938661844287631466285428924173111531339993653591444744851333913847289211387269788
1713668779476285193319126638988197536438486361474924373244498255324733814421238765691815236422291655
9815768399722896668911429443161398614393939873211454649382412768247875318614868865989993622332114251
3472485581857843982616271124397794196758167891526969182248182384176764444477653783756126777211899129
7163238859139477422364718211642659786426997979167756618526425968769927852539565424637653977934179722
2191239558581177536775222232917467816465438515331282283339111423858691926893153244527255767829477199
4381978994389895138884339721146947673854448297311756833955635561136678226993784979137539151353331567
2155887896396176542476564483337162585457211258959337436294891524585253289346155489749326314942285376
7364139496563657942612273654315196188981623556398722938162387367894555452848619417463671668212681238
3444956433293654719319652237621934174375595951185864194114517311226279461185624412634443453268179127
3639365191741341595926995329661719848714267976766917473346956989677389933923587836657956823769495867
1237925654197167348838376426386866129119137892511456862683979442844986935488917852734617437255536796
7686718711272743718592242564998858768767753598432365381797144434336932138948462887359466246618631757
8513186185749748116577756519884577115636472613576642686465497275847823197779437946642764248752525989
8744656915334559983846185879546626787299127167979512122772259756335847897246231862223817856354429974
9226419328115126417282683744543683755655668231525631299223994656811764124199233239929325926151383272
5367342679112247511739495943987258587237328996113583836132774489571947859867515716532656284818666656
9433769884723947341187595292982351585195942779851899971441278531992664416912276715949885824412635733
7242958821389284982695321881231573565767155278377675461874699983129282139776512848137767645693319741
6931782296438527853852938197169892778894667976418154297889892995686363392772518191981595892138371117
8782595131454813486934782741857449122696916115748456851947945331992818328539676465834924738746536844
1386784253566681273629696867136376542183253297638228141657533738343831766118961923361227586771376916
6622665819819633929976133136235189239793233336885929394744565983381681964118443297558275653827146916
7524617386829318554849439991115148664567735495493266521646567285743871165788185893214843437588875827
4933882638924837637651852695935866117147521286364318166126491764867381988745524683754767686584682638
7145754177912957621364632324298911982832216266122276978167131281218187526469371452726757177431945425
6637394849448991824392162693731921992296978686338391155899498867237342456724445143361897393743161354
5519648936823968319469155393252283776171624382978963695216434628996199119824676852652148663849172193
2867431158951232961613382556295762532244555264838862765466316976168695893987121988593546922616946533
4629244541537394727767995759541636227296676831997748117827715919888376897838685944783375728491828456
3864667842234974748691795699481878528592797527627841864749378843437256918236786495257614182891443444
2875916254979472351523598369426128369214622663767895717326433364344571927159631616523854594265591416
3275156552861689421185347375152941643993888351456692989563451158762146626648138418731599749222443774
9932934277165789675932871127679384749574333128418138484683797915914198138354321167815298823541953313
7549486159889328514262114637136499396124584145138517833892234854889348744369828321792545522356992153
2847323891511947394181435284713885483427497897354875116338983854222829765935617484622144821854633774
3974661143873242116861427897435225144616679621628347667192679989668932985986232134897729614557367926
