24 100 9
8655882774191265843238122751643555575493556224243266258968781416576535759851392575633943213969677595
1394138573577169949275743342716557586594132389638465416458721179476545925799924794593423348241435653
8894726834531518781227577656422424837944529642659678493145274681714713659758573172698866493899151538
2479969136894927189369692963654823914622762671811363417985148686367955727876579573851614325744896227
3413246899957222838682851427442127264873136473188871667138299776851345544128211849926472342543321443
6927117132981113986481272417268839638417534353292712218898253986791463592287345976551572714336233298
7656586134959168273476143647277212784554352612871652835523811187497948372446817219993279987135585686
3391296184627947169544511482371756461445212513553224492751681438364334324996863613645659487599468683
2991319596182577525494283379129658836161235917389547559738468886223363472998641686117825298197961383
7899697452844469121267944687612275631258979851375119525372454184685968716255829581549847144567122363
9932857897714576921441111439967976433229317877958951883862728936797962522515361828255992215142922969
7745478239862297966297124323346541839138942115383413649653561514422833566129538689198553676715155816
7136138246118839832575895642672122561183335547337265965737118271579682141829138815243882759983298928
8968364738124532478471434465925388365125344176878254395729863848143938168893667761881297458564336275
3521879241786558383846579735418427156117646229971656958765374269656643783541859736273991837219646633
1649556274442375737534536486678955662937813947159834647658784449376318354783768298987399859819871686
2767891348743497154953631452767894991267325226611693552142842439798953985154715484439916742667458347
5577875698632865343622995227661584336272346533276459149288174798221422853817236189621765152224866277
6716318718919779234753595792394476273356149728611941727119969655937691761351628999598954261812696713
2597472815228864348548366614335829288619317359547756267962838293758828429619713795145961717781316921
2124417284739146749195613628476242383177737425561285191513867457567252453218836831451855439744961522
1751988131141349888641189118888842746652642532944768686523211351125576976113843283221671364476319412
3428163987983375281457558369878834563597438148445946896535583817659793398222159494413274362889891477
2156865288347582126994259736512638416673557439833128843646454676357219952459344519749542643678179836
5191824673633882585381995331129233647789381848947757241317365671782866595651735775849552869517297724
8382311774467354878442238631948888539691643711262676686847192676389747481979774824454334696845812443
8614643252654656431463461744226113157231191385943765239393561187829838781884536399761839257678535922
1293454526328728484348181363852988489396788578345715912949976349311674637382317168829212113126437114
7765558674691241531865354168828143389921456478795718538132319684533321621548345559483417749753139586
2137829962547913968732495722786246244194362624317691358593529715917915698284611993838845158665166585
9629246257962917526793594317424246236789923926698977215717351983128544557319569361468484924495913735
1851666861755439366591434466823119562276997252796979879275862528434989989397826437964126442927739339
3953578835533774473615365762366295252426958344771218989566476421947819997522497474594277565914982914
5399583265669172192991533225427794114549717335197313362323298337115434728164219642563145226943515795
3812849264586735424773925718642281262458842598652363843378214621179246813915552521141235773983852995
1745516325817977876661627825149311616668533382412562533187715817189125183767831148695316753539544774
7199568842179646942263722768664956941461458575459752445832775484489192218337191719627143286481176329
6156542629785116641357612277719672425272426554531333651746989489136395837827158523145879338587537273
5253919473147638269428634856744579429818645232387299318167736572488641545157342792355191836148183668
3399263967587791411967425888415984799383533564791994686413472937885578787345515655697347784531264255
3167364434123678273155673134368433845824516253144411179266386755393775313486434348924652495824269745
3148457276898186838344577291198279245637194845297547425524362753613426157393975127416944489393857623
1253693539445974653183772551883813531669346655752215177116932675123526783647523659881498588176752386
1939361154528643992239474832643794937559463732614593711511788157485976194611345491698453512783529412
9719731387814621263633584464112921357473698612572415572634556695943597975934577197636837665692182619
1266519378548771922969874676788755154726742437311376674178742412888976977661466774533347198893213941
2689742394376679412575486661334418351326719461595899339754858895979456547218166169132521265147488991
4594677219327424545286889962142862398166142753373952852339966554282792474597997636939439143534283775
2593782381358236417439251196414785378191733341737441914341678273741643864656883348562761418185489685
1466295332667147135931684129358879177915127639896862218578953647344537569988288427285129831333314265
7351695863666862491185784955935911882238613762495397627578478771547857627744558682463383115849975695
6771922771294414686191282653611844679756582627154741178711426289425182899353483838856389281659134477
7487846317147584428239156236499274549354782184122458928489693596747231284675725722344349167965912148
2365445835537163119176528169737296571592522311481636994753215359644256225732358412756623766467894642
4345195993287789952256375312172521415779827593523774168657524831371681912837363831845183995868923152
1613919575726691643192987866897661134885779857373868582653993886771647246545743946981571367656924223
7186153816381113456559656318157386191392641568958733223387829479278331541848994974393568348524341728
8179863139552832427625431648534873227913117132381184973817828793624316994653929292644469198899956938
9842413624756163411767346693134847527384983113334894214647438527382654538487744796597499824726334763
1491665932961211883569213313666821879815919583712335752751138885191819396285524614262258661455578428
5845117635899922962226528562972531928115946885263158456445737529457577854958881395299219524551391152
7112986571773168979835925146286484255172872348924159251315972759614575495985976433168424375377473864
8656396739838934731919375516318795379419776691983894814248417814914232696173652281775223786984918285
8653159888324416649287579865381578497551722139915277556239298693623725618784318757715248821375541386
5612621647486514165227897846761953523577839327521986569752616975648411179322813891468888533967789251
9638974846216276815214293527418642399954388311787481936293484867641848197394295219843587176593613631
4555285663743873263819537951767764385635792629321675335445896264313887281984156245882656724833521218
3811664597462315444213251833816939172294118398322556551776376681839397749936865382685777318941323568
5132154326178727885933846826966584856186482951995542286264278632749249771894652372718737721661744799
1478659365538799581776961963151196336787613634694792751369999487576846245318579652355975477998816729
2335961656132415318455152421636834623431375993896917138293256394876371892415493713296734186819144754
7111747398139317615985427884574788787713597379481888652894444459838185579116762681121829273617517466
9595457879231683841729829762227578337886293491448325427593918173943171479568525197449555397533814294
9159841916838165267529465983337412611866791439986164148774757337259454433433217246229649498247212716
2225324457329694513115541122173745238475222766381341272926295742965139298617799938616377111278784577
7969264397936159897952391547736635237992172219592597894127862532397953378229659629635279614965749252
3697894388474842834417964511179429119146221481167342582538989336236726427596277185299532548668757582
1762755252964193583934973341386735762786772715656215741932643328555146628999565156542142655132721564
6131246117764814569287219767379921411315883117956697445823619116832827739846419135945217181496858389
7956281257334299497868194127386293451525561718261948525725994719912658915475614465246225846671746776
7454284991751379732246118287217645882148613434855648899941686113547817818759115752664476435756823641
4135796225654769242644626487978471127688132117974863853948975316672934211717399628533833328813378528
1646443654441489341725242222711123322272123929283695243339926296639816594457242354545651749148688875
1365882199667582637713228312953515311186112713119647581338227235214848151974892846976349461971794786
5767511743246643313858595495986527259712731636732339479853367584347257828576692539268927427526295259
9971265125459687269312296118964534914134647758136376513576865941746537215182883431292113113835764638
1981558563865182652286851463351427732476921189827168615277477565461446487743891683835984942782557854
6594111299943857393798893251498833627957299114425887469938715955957787598424325422742841925311496658
5485682494558536554365617427367726424232214282724186232923351255197692699332578963974872553546115487
8547241114985931597416172664645929616719965842982919894843392319792313933289255167382674323889872745
8724517458324857782965455713132848572173325996572858326226258692268728968869853318858374258523652344
8322375568425816487657378115922481923676384363998877486168644955999571199988564126718324538233121766
6488723533281952991438459715136453124538265877159647748458581241423625634847737848939639249725559912
4591547737744274784986164642419243831899967928544432367865527292561456141564782559625172466271158663
2932372846226773684349831166717183949949344695559133568584965899591459533481561162617645974885829145
7754375151631728282247138765273381692571311762127559314495842767568361784423467615241486932444677119
2915779395819444419965231514668463382465874245382589627779433634215589974699822146345595448338185314
7769268673318179529334213381755644569236467254558383977749524243858678685488285415493671761274192567
5297669444592411543886734773862997159358611424977496179965831689548522444223581357145856625824122244
1644148328333396216318676371617739242338239684412489578387977127877537234377182653542724162152625956
