50 100 9
8775935866983558983952355223186646677371235347199253869887782998762632269535658913235643681123313425
5484294857873613782545957142961337594548592552196893232357775141658919732422859631178548168624346568
3623598647645499636794935471813219194661313214919348116838795534153119977982339882443163935749381856
7238179681924122529732269267878821824269179648272152748732278786269513256756191773555746626524954777
5632388634293262855711333719874211345551573382366425388544671165411491985663774134693268799866248457
2811821872521794579244619341171666493743918871343512316526118494422544195451138879396428732645789835
4242822465175122285493921978869991734321593822644256691832475316925864437981166791351678347997574274
6884354598276254884958877198219377774741472845278875256323758894546262311399463942644477326171119382
5948452883628894168774248392289581261558329194673489813534115779399773646652211783813876855461875993
1371295744735526542346413286591788142527245195567692479813431997137549836689144473246829619128596712
6337589595244515296551691233131476923692163976616711594156291644282427218445697628984576488713168715
1539658164563163555535983786983669265588177645859643438581227736623912372166298862816498284397782237
4432144582644572792681999153542492359981137613419596377816628751652215578162878883313294955985185418
1663955184371878657257448142834734127367231641392157356858945629263676469573785892515173769273843343
2563831175919856396756259822663277679663418928853487227416998122546475955674311996892856273326322833
9565478312733454449641597243784258618926112217267648837192846654288654864337623698984778598242892735
4987422937796636685517176819989983141281699938762379513699922133497917752192517356251937835624594686
4191747984783445674938528359166819966917722854937391782333677116766733387684544692149976323721783359
2258495553879357857282885568499569543753781135136315287269564596235962492714818261312718141518863918
1739111565817597527141644444151122827994494162452376613797329525984514571876563171225576823659159174
2883383311293761122976132766118551793175832113456737157858533836843633516557643117947792924139144717
9224773287684593918487174289991713563743645818493898952734198593726785271916221897577783874587837271
6992655384711444841176297612391288716718471425494838387267183316915942789727371425663158324334865369
7771652123955696532768126416574762451373859762281148359998844523891143855561861867248856531899756991
8954697666135861389487595223329538342158577151819716697266514126879397227984462753997117241379146775
7653587119333752298843226181425517753473365757163679862724847492327873296355136244749529551369845947
7458999727817323341924484536514924826979788714119631741735693588882797786584886169388584143893595482
2723524862869738791525977131969414246227956437412316834283473374527579932783691717951685835797663995
5597596637344475946993325739719482339655213132418657791785523569117647153227929537674321578415541358
3698473385279118643728788562729466514663748445481758959383884517923732912262983175231443748761345815
3484936545596421168249117136548681833185744861188589169591781726479732725518964868669722829143122696
4244168282512379214911248131364652587615243131417169721929929246476214979116481137677643371341645722
9851446282253813269431516332917798319977848177312345562991499419977541826187279612467743667184371266
4568749353638487423945729727915865121144269676848589267172182167694415214639123612282514642943559929
4199949737892699784388817476521516386664564634442112679426956121165319841278264358348472296331518629
8369783368515318574415419333277926315913957632731753859255827485596234749585235613947781223767522315
3178195531949797247162545757438712613351533453858166518715194565916363951154112352217191826349331969
9337441167296721542467657651921936388888881862372953547356358653223625285945458921376555857342773198
7171338468119919254277671537329892524439682252213615687591176198754968513151635776634354892513252822
3583593784668297185691991835921817286173182521519781622344439811459872212733146336475828683864765525
5695642618977911462538976875428979342569535922372737933851461362315545616323898381671441937773338985
3188492741879325166455432471536127189387174243596716712359475415561169796829963378518474646394538562
9147579261624762568185918234752747413269381935429669716634444727988962788235571842471144616871754433
5578421241585692556162655737958528912333773432321483672118595972345248627451845447171667355183226548
9672417442167478261749295921415597984663336967454559756136238317411572589748573898136156815347986811
2816488713265794172696199816683455698441992863966574395362567111444773412934124746298533625748452529
2739183161145266945437514555984214632979445685664456612917253462121629999167515955152997858435458192
1684753793838242189674363323317413916482894413944396296659959969924933358177337354697946169164937534
6299973843892841515621696752138649593255598767611367968559873895528561772895544748758812956112421833
9988682359679256816295792148229551621457247783384939481544246591141353353567442577415571112284279128
9314899628262514372799549446969831795626592519643233561287397292262347328289638153873495518678942215
9944541831633353872832971566988913899374832178952434943313329878477434586856829638827822615211225655
1638432325793698379577894745192997148873769883338749169144136196154748816545142122328582637169449284
3269384148297718985281777386571793533799432617841979869677748342491442723536793311478236372335117464
5512199297563349878916746145787251515994878113195432386644771397669421677831635657413495156869631799
7618642843567327785498431689251445663351712318917226746198387445161187185711238514192132458865911877
7866184525569338386748578582471142236791459272821128497852855341963291394965582635865331722256153457
8384963123463741872714875962316395397164649769566634224129631683645389149856955398676115949962935215
8227866545793289513266957221458543743227829877845213819566716627247685169595443474146489757615293148
5578513191546544672214984557411259631147938814921254212762319711962534492214417339551266551975871795
3781573425219519674975423991481594413314662741126524678421473866126418297593428847615678323188182224
6694149189596832869842938626847347247566916173897626576755116626621861551253436825935941981443835559
4642885739396387944195791881624465332184152986988534868295156217892328448196917948938532464419359855
9731979794829273855896847894898865422523373711291217915228112217968286951147277553671281455684176763
1535131167883421199777369284752665853893731673754438669622814652455441234951319263489219164178819665
1458286445381276873338495669748743727499657531922187693733379765194522853447172246395615549766673848
4946788439862812231476517527137651352898737472487673637134659647716626366115956634893455183695318858
8946446231651583171331814795249292876654438855155762443189468962237625847734613747825754374926173411
1533774841939172341329748279644472361543246168154437372926852527364376746318623469472449796754637897
3133584892627322915241863218228882153595347249448798661165398355333926881887644899537756435363797656
9942867267163838367323949811216635371587452367966791187125398583236887757939694927891785583269743629
2238646867176547847829525474367382797642276261652442928836865151453122782866228327187886652625454873
8886329132283612297951835221942316858589936331388241196152268969365823846631578416634758317795416829
6681174512238984573772541698522482929145264583717861137226128774151866167255184726467399125481492334
6417681827833635868694627227218356949187538276315348435988197595113941779821827753172245871929715925
3317137398917622617145876646853992276576594216355991443973453132638852259821667111989443943413569731
9689287926389558824394529743114987172815486762221987593765398486341234696623644537516945132225254977
5828882737996668258629897569689494849734856193291111818815263935446319569417366942929142741698392766
3565834277855243538958756898588399243625248979279144627181533148844583256866891541956681656178857617
3289426515698678622995973937299374118198847419438475831791297164947473924281836985711332785672159169
4444586277124268975423727813822737594572368218113465684939721159613751913863948678522572286291941948
6692834882952217734412278316184911691945255528258981677265657744773318389156445348148898277522256742
8469612874385367981625329974565498688171739327637822165664947736679698915558844767469414933813111727
7246638873998465885712625222414555388731481329128131859969287947676598497724757641282889764338141873
8938663213361231317159834839314473952882916819244321833934365828697188227145143712644269941586855276
3384978237168263585382217928512383381971645439573853586584724338416762842951566332757498122952294421
3891839518565146211122147369349231236251597673354661993821572797923614125567236751984374329415269783
5588129721813711914624695962524485272845959515773875561838229159339278188298655513122246116468159637
5931232616827759134612219624163414541868433476153522537513673942831382668856961849339913391274131145
7115743993331669154997719473377528614659159225587114611671519798668442859189469996232987447389112323
2372373296815564561191252718773241842884492618425582662593312797929277312881179259725112833154849592
4269455271696685536418458934541829349791416344658446667416284195929219277916794891818249612113244246
9216171645464629631986689262457547724787573467798369473839274554632869659732242634698199757888422262
6938782259771723324297967412684531291461269897289488237848131171393741754349428669128232296946751322
9375463382296264498868248465884364535111141942953125474951393399796114513582374381799662176419283786
3435794787577498426295683655681513375922853362774563617922628613553992711483349486215261815654625183
1437516924846849458437137556874674143981292641516523678122626188416934852277134252373351949312284289
5994644198233874356336537121999588362415164127553146717127251372647163277313827461327477786431145111
7749826863519138347978454246378127632264696141466499862385279138212214353179488278771968999887337457
5156529929268259281529125828542248899714156137654428479841911832429281834865835162648564135491492266
