34 100 9
5937753626196598782655963147328149697451596386826338851761573733791236953114866166325646326154366227
7789649699461881478381653232399898672511827729396379829862736548695794734147982327315468897932653252
4594418967115331722224195981317655279864989473754955755214767237675465855874422982213353773236394716
2869433135817462989789944884648496547555582987979326399326222679898491786144373923363514849765495676
8228352827638445315866584682469111856255579524461892462888765212219871859947197989962428277787156312
7591122733582448872489171567231813685455984573577513192594652921834663158454365849884415162745813581
8213919522658683156963993992992245715147648155617373794763846599629682254577695247445745317148773323
4265159997263363798457996399563964668467576684959213292232957321259659145717218877739114132355828239
7918395987269418754739393979842747733476134415795125941727154796444427799787429588359653467926619716
4781987326959288581631325499234295217553255685695216543261361934962364322577197238924466183995773485
5946997671145183433641223286386693316821391872425729593526549599741547468822986275799638559537529195
4493615842391545698412786417118761121821212215717681959828526577239343446122611142881656139697975459
2962341679833369449882548317435464484495861799441767141696464552433688856848411454973275669716437716
8657297126227798137158294529746453142368175586769772449442154769954876122298215654345335262468287256
3645628396486673947781784645153368452721732987795613954614684165994896118267979955655424143169638384
6848162538175658949585647648439188758298553682628562653985433719156278884984879489318753779981192757
1191697395141391296121977177564368946641673986923523541377676363267463465668616764417728938487535653
4695278832798982343426595493155843664434668997144496372456892913922892322267344195624145126842973667
6827938345314929148942154727952572856533186515467734946339264229283689777666731285662455337923264139
9335257191322644434781953775786193416452368311521422798274883782772334356441358753747498877317718289
3367398577495243389147858357519923152331416241669866577948734671337867496758753192461399375218734711
9984955327539756787886876213127535697529993756195523371157167886125148562227266631891648348128235964
4835374799111812856424136914719294136994263617429319398687343319794626311272469876212539137865972928
1245414891897699136873943528679122733387888397779571957483737851791427651486352564395777397728772992
8159842256786663586981244333923621637479537979521862316591394264651269513838151766774126714417191156
1167678573144727281638496472878575948318494158294945749833716726287176854289957673372755325117877589
5261987687275925912917667788299733656869356344916967777143725443935767496586646262997243421782536583
2636429322967735768562388389887369849495377139886182993759714315537732513665755224494511385733756282
2631283293523261234339458859868267437164581396148339375145649691571324248294175287521538664419828488
9622869615875355114749174853473534916151974262422934331559136344841953951564855125669356142334444838
6735869321885667225352543862919962374143817281436225232783999535524823533854821475858656444465815573
3865974731422914535895937263656247693362991999388517355533977563585562516484496894381754975927786725
4283836945216827527917431446586967556767212618786789592752262425588158438946128852195588585963721764
5421437655816741522681871142134795272827792151966456398211546763181955868351144396136549481313913884
4674759799237412883793293577762976915768974868354285198893171672261762681229732859322121113555525978
7441389745339723748725278127274128436295154438716467994615984219372187673375258767861323465113499729
4274432471997445986487436617638322147985664563987598275335488818539798313797637253171439614522859871
8182379346238778237199675793118165473191859182543259695194361892375592448622141539837128359561134275
4836624828682322659144854118916933669641862427561677397329283666315419382744577269413244829417562967
4672124331963468417743143673679554451277136998537423893576774767988415842514792372655377246411739385
8782481345822536653993426455547716116719289814531487466468355631851621388167278861984663498968774529
4724188759118673442581482489797246954631613255882849321296363974162744917152714919789456636886154412
3824224398134163937934594923986623293456773248444898617286733123453878731356543773839272757818189381
5796744933763656112559366716382559756419314322511799773166881414989294422651848196653524325914137828
5869386354245645165215967316946376682633292572146768163663318347742213822929987375771388552184586469
4322292662779614173252863169891257745964744159493296837917744273612155883738563771339714187828383172
8226847788656892994457738648489331243927771767855341132557631797248936697238973136632946627348323427
1538593945885834258314228173679539367667932521945329435472893662834224722969122232127579458397564814
8711971556582113746928347471522148136891394513962992429467933541819895293167177189348785696915147416
8796562887917786398161254634873326356534232349743736596986431421756541174247158567286798687478656877
6818368413139278367189137315183567284463151881489859837368972391439192919631681474788665486522926232
5556756317688197522198724584861243112641519799439482798495299134972328371154489499247316113349631641
8754742554262985684283969322815736788229745578611287679326216521348178241577263154257595682276143696
8929395559645867375667295773889588442668165615679585429611863575592428226478325923153145725279934566
9454549694449325438676183858781263416282547734173256119687353922327954737484473331526992811923174697
8763817923397658154163773658474778773429754862746798795971856511314245767145753383946526335362511659
4198578288392655643423289934969863174658217182955916218868844645263715167525456516842373867687686148
1885175267742974617452385674396619829473382668834777676587997366271523711278791923329288968453842664
1723913564747834416474875882217991128416789342681481477552447165635378678194412282945493936822673743
7421835434393585966521276783857244818412175776462594656556946534143789613784213582228337825987474273
5549774334824437581258589547153591564684725931241543494617736121126617844315942338595455153391342297
8671128419214357489454558634698989694497912737771284766631813939753369425133145395775453966349679394
5342163681381558229264937384671914613762335929611654733668637278362479687474158546473194684519426453
9382873711842796513967697256989885187845734295381578115153523762418656986941684522284283292177354275
6933158562638694865233137357525929835774762535571276728542712119393137395918947437575192426875413385
2484797674321772675479796159593756767532593358496962275284219313514937415673862223291848992897269359
2661949944255584112685255811352913875569455422195593189895768832172133735273731262447763319511543833
6955374852417285164218345984911598474979638948195125262226738154846835245992972575146313686436184786
6332577575786738494819198375377345633661995292481739743545281587949933154486638251315212978745417586
3499895593636261694413112821132891546667764282922318853398931676676986729735615919211487515263214738
6682674461886454464193616683652499382533266759889488264993442391326925997427451657652966243189472749
3632214775693642522424127234984521681585972466332333226573428513266529529588873627184734155433655475
2581158178334527912877976423386954888457332176963372152751926164311886485155549842742182966889749334
2485215311441141177496133954997492143379719462788994117733792358727526637736385148349287742616817137
3938839978258991762137293781997562221526511375124154487486292366147511337553695563765936126687719979
6441412183963283893856874524853693592496548435685766381865266462174292767335622496532919622737549355
9936612965726748454751287579411374497268144875239284915724472277272695168154151177458895977492276131
3252412458166672985624437491633242987335383836145592917147299762218812776866442486544631549455934674
6781948496715932639598943975161854153365251889893814297336668995178319251717135416368326455416878819
9471471533929681862886999252378477893518974853372878836398893899478667677552457466877292899583241947
3231331461396683665351348539152532446649779911389376644841539335292344868855318444626281727591535484
3737582739487195168553585541438222613413154734525768187347262929921878798341565272524557327848634374
9846474141521438428496735328511676332254734319869963981763962279242945949892885965528285381857385774
3479563171447148417581185955459765561443492491197141754498712721374192242952122754349363988391477147
6642218186217147424563424348954577795538852914637646622817741641825979167924489655159576287622672549
2443728449688337197419316736997994975417625315328158597678175676471736197938513864726322714779928143
5867578293661369527429144679887686948624264471419152625356365245793223923197291164696826787264597436
8336264734255326284129251216532242659958942893139917663956547252362478769616629947193812713855928715
8632528547653567767216442421695241717484963468583687835877372516941117814185275664125581755752817714
7166932259466898847799868681673445315682312391954298564819334275823422339619448688217838267463986412
3144415696755834638333655919324965964755779522946264731512548452998447144769236911164286512797684419
1919293335644888829922917821869118948947619893751258164986894117492583689176644792484373492978699655
6646341371811426655572415391379249244264879151783669131551982146384635778974288358669892749282889916
9926523223361988848182157287731723197572251648481487377144727866391522972784553687655726329397429793
3286816331435317616973398952667277476346197179452859372782397497313158969727543117974398516232593147
3582315529544875643392281838996266599395686147426724532191898787684254779513635519381842447769933573
7774138231421965325796177753488716324313651123958698784713832832746789359381164516974721873367343249
5859397785741673639317568814123555487765192173414687945691434564418913331924217593258441669299444393
2726579164473181317455728118869583853339638277257316216493557845323189697758337914595552529194635875
7462879359812882419998386185255599869753624626224986993926978517884858889299627366943383726769233377
