23 100 9
2695947349225353768123247626264673195411466378238237733395255897732416398815916365661681417351742151
1798767891652387729115661697778195587529133369678738266884749743411718879963335776415356135681591264
5313315786839542297959979977343675138338345959677119974544945299512349895116174377877993836124666947
1615542421744154168128271134634267472412315544778538199162789218848429486336349272513984997445442742
4675386628669531798847984168133381311114827533235747474387543951634589633594488677944721252333957398
8513324859756891415954222639776547672299658525121666746849776912568717976948477769117996284372576147
2544153988545551333815563329941924812641952455248143449757316365365134719539311982556647576353157445
2565952576334513785899277681631841123545616987593286168685533171493296155444338334289139534791795624
7998595616376835828946688353369557365232884222394737884912312615841949699395943275729766559225881758
1576446634373141997418369615665185353363649968399592494739812325822364745582458224358881295453772185
7323936494298554123764129416786589456616591557318941431977871481989759266516255364429243311961373348
7791755548927811287737927847437957792446484788121754183855344495335295668553675499358867645711126753
1751683555667826672985132945743948317454274297481356964858319626495292916711372332614971166234636783
2413632415379529935289466744123378633498847598697633548743744491933498912542184451795553631142395988
5175576863557979641854396572659386359849717531746711646587417915957153486151377617493755942881576568
1747916928477696181549948337892738225414264331142398827697679843255476675664351923468479848364846277
6949656715294845597697595117123375574725542473812247441456788124541212837279854953117239642865582117
8478174443421137671933692171617638812564936287399725747976326842266727246376265339438973332834738234
9319691936888333361199257989316832711466622128769331551657889656238734523683252946151615445478998629
8574163499127357815822325778141755443372512572734145395662956452114489261594577351175759586478376843
9936954565647695362415861478578411299828923898248364551836529872817142557693863712843597986525933822
5273639461534764624231432541247246149177877884733428856724878239377731918223149328119442944393861946
4981841637473645714361967837941964684298318184411241522167985455973455268624632834368128843929722734
7467553262693846472652632482299797932956567369176798546525592375849175134572777775659839218583452537
5459951848359919825862553253868292659763179696197118138116939972674999219112246375431445667856183357
7635167787496823379499546459388546859759826343275956712524788738758748288953472689945354867394619842
1195653568769899186389356132988577384888836111356297943397754764735528662495166422954794533117321836
2927154731985925987673514443549429413354961793226626777476313866657368125523795416521776435977853217
4359361535198148867878953581288393571886862724723833959844142836224246665964413554273261365991865418
5429186219142589338343465659745223833798267662526258333267445992316879119636117855583338934124728736
6741597536818945669871548198818421431293274799262224559889888285945262532293693788673488662247376457
4659178721819681784437857722944391735937911862998866482179494946664836969481742798514683437937822176
5831114833874451426618171687421559472335481276886492268436353531815641388663794735882121986354762877
4671944694766865559166641371836711557289992285888317497322727722722124328949925274892584498412976663
3528739524445331186715429113966225997613728986137687576838564972716695412867891249989168554154444743
7439661529749462879684168295215672769644361475741393271643858979217842153268358519791277833842752655
5818551417344372962213356531669822521229653584344496659442175149128778214182351334561193292966936212
6653841634565255956858122514822278894277551566779721526272912486622341569372667554664664831451451679
1572479695813545921145389215123954763744353688423422575344879695592212819751487744696948257772883539
1958878556524658639447176281699861948917979692522667542674727118693657471179671756344451911699464255
2673122669983866729772946915255262249185887251396729172415842431952549397322696311812114942935593443
2761378819456783579882571137579241214728189565524276824197382294637631761546153344294626693328272253
2966882425543835371639653549636272246814637671848458516762186616531265548957124937319972751113514614
5627538275938619129595291357436598382226478762218277322747971688497982215637894971289465697864878536
4433517978364942764848856257252384967193249864955354881717873179135222716744174644439795741313395773
8272269365574717594566321835172449212863251758491538689229762847491145156475825825832279316631164477
5217613625446992727213793376834394768382212511844343578773292134681217316135412655235277355364116815
1874169868946513425982173365898775314991714576119728868439789165134218467115242628959227872488544869
1462775359429448918699645692127766387382832992624669747131235583453452675159322773599511249651759452
6175425225721788637334354627678662345997145147126694858459684658122739556325744762785494159326829917
4491899491269171611562546657369429642182535963246893425268941911312461498999699113131162437557745449
7954883245354953334632792888955722571657579349218477818596312949988571676796162345256649323488331255
1425618528571287338736877434479283454185525513335628954651243488969755548746532158971272662927919873
3569784212462464452899874171282413424488374298161821292189811627533966674778322859495983684714443141
6272775486185865663574646217636264388518993283498238187268929386536569476852841459931845841776165911
9525496742644143546851745981317683388718657233126879148196572249738593412774483829279466844396968993
6387573275831279846921267922337746368948869116979271486744893963682589431995243565686164723431784366
6793892965496714286984236689736637114226545721425363159662891272564922826675943711498676593483689298
1318346971445927659354725324977414314683877819934268499386867983152769735982956214836374856749382845
3998971452713862595456469536496214522698628975894238238233621666484447914146411448761636344152225727
3683283128745494498653839981993759644326579373744266837884315756456843922615142378323196194449657428
5228736492224255673643777679952541956767125631149438789929598835187698755439586892232573756966532228
5924992832166856465339265559279812114931899687863984438446249114395889458693282238328595915742479543
5672846531581145417789721486191251195738795334276552367278784414228475413969323271823438492211764446
4826624591969248526439211771445776425197545695746764413575627869265991856872776727654375528942753841
3534188327768846252425373194566429519382376613599631876449298533444998763944934391288163928914573317
5223345277875459455942612853843131581662144224625297449614599122334438943722216996462148256914897538
6456451513392992367483959291393286482835592725481941844694927955736298722623484643748949195896449244
2967937762947475911679886427688616636825723382195178868437177971292791429238422578172445624629315578
9236876192335717845693775174751973668331399724712591262288222257768351421411528112833731877868797735
2584349572731352133747874318996639114526588797792422589893996173172856154329838914495979338747371992
2864914981994315934473976718339557311683613281941536195976467415176612962684575564493789852186625211
9751271152471972468464818313323214157524819664549532391692537332365713583872556218367375523515212648
3814648418694456951938886784911417912937949643588783117511855393575836949619668939138888214462837576
8914169753285549457756338198982814626891557871851491817755122978913927666822884482796468412715533839
1113526397391697413981446958147921688641185261215763852447267347414349543828745718639424645492792135
4289521618491227948617419619646483352755976911151157765882163666985656139317732168984467194348544433
9899177276232577521771926181117531853852311368554342478533886498326219995251677927646939785674187391
2966162887467797691225436528676233785465152795162637895958728274595367964195288149761756562828869787
3356136793696261961566973925217187777572527457937567625265998438784599152824583911751299644534229755
5532637538275938675269991481589396115775442783759434519963642136742431468631915758873378661566369181
2973464418495819644356327486125525554219796179819852439525653786467983642924269591727562639468162196
4395669357359515328635718683689964696945639766926864411144724195298242784479528856593968135947938396
4864839611985412665829851252235834375615695452947866517866467924994114598954787566182383137649833852
8853281166679362858192176748733167734787716767493649143682298413121423639682835371437932489688213268
4347185199683245815258824568824539521529471435345222743184539538688276877963386692821489639718695514
6679522418633598255435414418241355283444365816262118649647665975546395842927944496852933966947448282
9671971219982548865489742661841767129594129117347886815775545659556388495335476935449852832287247257
5395783235977739377186361218176488758878973931451769848643182158187446885911164686642957864332515419
9244794742328852364861472999823212548251193691817598551365157761989577384172437262198856297382163187
4393336353319544496457677839335184997661178115525537986289361141449313771675467698453327452255933353
9826936391753316457344794116434729865884129133328768121544631236835378153373135271141834396337787191
6783982134665426513653738513126172285717613415512364545157385846325138148911344894329642264871379956
3212179446917275976275137757835851437322339943891842322775182282286894528688867524359187985313678192
4325439851427466426475842598694612725149375688498243984519567993861529221561152684978628431636718498
8576279685625987893274481275298249522838296784864859551786155876954737564183279951919763417763132969
5864289984941949736769581292167284175345761588213131624242537611634973418193812399773841854655928259
9665956958485948338175253877886488264252179941791761472644843527393315884854938431194318865843876724
8147142488575631391889457883925893355731379886895365198295873998224235733871143184386279983623897328
3772876833459754648666993397371553227385222414435775785937845556393277252636432893976785474142346831
