8 100 9
1378339312456848119777975686188499976373438952535435513321479849667225235745441677862927299845393896
3464152574991537553559144229687313358725614265339329814758375339696246628526924489767375765921967951
1592612494877177982498317185883898628346424194541379723641635884461224936144148763644275693595317271
5616224218943861932168586919914142127482653581494866749319687886343126286851995449927985278862413996
4734198684851452368724132956252222129242355845172994384148615229781233443964958314746411984838288151
8635824634977566126574739255411281683219239878928272151684164673525211191714525414239726513225557875
3519641422572733965153952511153212328761434689589249963449957873273399476215718551874158519832246345
3891228791978954933395415395448381757167276393681756573871397188797541299566174721392742366295261384
6166817819273981742272127342896649158798744227671348126341844948848585993832724854318629349378339615
5794589215343547981482219225386918554553658786843232652226254637477611486935342693341895223925145314
3835372545191147121394596995147421646159987978637378169846646915256449575758711231527367761396257312
9161776697189751676611225854832699659368329549243991947637323719826494166896719937969765464857448812
2479889566944334267997996982499885339811171722172342161813623753867486195129832425172626312691494454
5961117514842922816176641636898874985642836554946393232381497313189259224353786456773211358419524682
6634741526686558834196978998434256193777272427374369456163699333792577165152665789684212686987198153
8857836984286297161114535144332565146269678118144163582144992622783148318834947332829432474889166719
9617869618262765675825726571425461344564276427868621967414954936765793539664189769759121518611183481
3785772331291761989781657848466521758534217264573213946142192789842396935437519136699826526545323962
9834461713621448349415242878249935899857979782653476749969272844329154153843285749362731178496293883
4279318523382931929833521978319845356346621157993659449919466474216279643814752956668848321945848262
7433118665893131132336166562778522864397392325621297556748928568564833262356752648789977828711465341
8587124544886547926789499811425477824514232335722316668394358491949882846738383684369248816151646888
5447185621468439897899949981687441569728321689178569658999194979589961794539459786437241424958999778
7184698741375743627531286417245556928452962112372681522281662887776296458632281744421957496336435293
4213845715258568796254827281715597886125636352644983225739358192489267774759346945267252628521954727
2268145785115546823712934557821149597227162613734374531479549911166756962889362533916568988331478898
2142617233113787831573379912871269758612168681599144182378554284749939545128967369857632236267645948
2695512625955556735224366786223364431953685842616242932116325563221151118245296955365238533634357992
6181424483726957673528353618646538935483274998624388767878543729137679759396591536825163577688454617
5814713763318171188871139861228626634327942836874364869965222924874533658373958323664716416258915858
7289292532988485288513428883838669371949665186466315446357939168696457835357551966287626233175982942
6368954323274646458655297941181973523921123795311343469329684389536845173952763785593654823855751762
7263727185533492286859726337438658424855856931695384728865464559996747559444416793967518417726642726
9455899879675378148217973715618918266144718742561989643715644399994457459174772562814336237874964522
9454438344638937813668948514633885252651918212973436224528611142868137744689955131552632331118692336
1988734653722768152445266613171246333196688935885971753828316548794557278521312179671488851846613617
7521956769641515866674861917629485744729928679169826287744221529539144772753121621758587559233775679
9884161396997354134734765388829332623133314953879727178794327652783935442929284442526492336586354162
5124478698466298711492142572447121693795578694989228559287396141496876544575655621629382981213754993
7315571651464782712274455224185938229666495494927618614688934242873275227858919396884487548889626625
3394226232771277714943825317796296931676423149587657821652327958315533881873993186513968465918529834
3487949816155176924653748112624315433472787673349937297211247965722637831255111186888343848376239381
7368457885869872422431595794944985942675787759727391846143289773799393319175269922986994328329421281
7659698146436636731781739532975233429757749971834452133982165377768418569137483355266586981296396738
5895324449165931366416926672712457767945292145564582871883836661443328931192324425654239146146147242
2418459231959962931185341561914451891274248676931595441481336379615564796464955668256477766936573299
6887815369953778733344659455386324795314141446326251735162978546514678162462683286191521869615768611
6492843796789897262623667511547872784693451913667568516745663278137761211488274542412485169936871768
7491931645393798715585517739872517786434546712223813996539784828389715813163161392762378449568176918
5146576449662221844563293562728676384843447198892974546475912324743783553748882674685518258751559918
7937132443798832995381977574884843455796521246826731819688617655474193961765934472167368185338797783
9145875313521565553631992167999461263813264339413262564692977136539891931835296281876924711473326172
5262356166363271214582547152723215475637651194119751115983364387965818413277732257936966762591539933
6681589386997276587163737212436519453632123889878416962228199531225236611799363734922176542798314442
1864439344985527946921589652651597941928977897458724824811919742937354395885835516169597725639438145
2327221825979259553211439433891638176865235725226917567363975353678692794835914575728951792468241256
2749484551838126935656844365331426245623872821357774683543698754363288114754914857155373279776266399
4646789923991173961537341232879332319372719949232857911792283158556163767685542572899428641933253963
8671612713174616126283988527181777615845189174376366513413882329577915279338112137626297519863693682
4197175866848934679694119293846364339551291643417735742963238365643358494686584467635732181268783414
4191733811673225939897847255141442985872831248956181621277955331424332793637645833779744894731898222
9498268152158859334722621488697648684763135581882654647658635794285878943656539129838783833575845395
6648129119952494711314859554919179591145265179417322812422987395133414428754479657417974458945581441
3481312266192616953535623542391922495574354329753469817469424125186772886799628184693514214968876686
3633628283697723137157784381661974277262712794335647472141816696362851481812876372376234198983397469
2969344696225448729315167657185148834457964677276852353297361725338477599425144369985547113545718826
9392746829243681734596786812455918584956261547415218346638994929484373449882736731159832752496794357
3191216278498988691398496635989669724532716934748583352188184322114884529884165871822797294917482641
7224939556721968692491595397463979836756828161128982766916393851654543765272235895934952579479932781
8125616933233132962225835226629567863549791451244571267584434392249145787585557891587759561621429117
4554332562674367132588151952142839898528939134315457375779722845186988633288574215211387482531517935
9579357536768912164763728714483656862819634564663351792363432567757242712558291835611516642228375994
7297326486348555814842743166883574264832914987597739815458824428412295474975765313946911588956783673
2886987277327492425379947513479872896131276456218757527563328844832293964588384433163279532855296143
1737928113149188557185746937672839852614363375141145483483387864425452657499736576926649224854486497
2294742752375554151197557876677971448614837988544234136858685273429372697159816516894525274697194176
1664346396932949838695946468696277113791991994447326973855857198264862772831475921971972763991169798
1446898928536322598491571247388956166829443877919216457538963158424778713368631332119726968177828635
5643855224237646462475581228324212588962715122332592825622759969855381585589642291373399416637263549
4412436597273363983746359446389917318719899827929648116762823718244697259961776466226969895177926799
9338663734372317595233513133315187466983235881568782549796239675799356632361165137765398813272484751
2242363347651327127147354252143164261986799653554677938279583395935934177115646927374852814349951828
2862962845475286991938887428625322461556676952753491614689638328994931396557649388769653442957464864
5422756547452528989386669328715793317327999675718478265574437648687224393315568133125149264115527877
5559175166134411858197837293777388922372198693397668237941462123153112598131852672718571426156191254
7942886361392823759231684787651386235546487391221124817871531887438178115956888777262351599546443526
7518965866195561699749752682956435143799146787417991974629142661451692583848222593484145316392353623
7662721438653353832119923977824285681545467339493896886176248775589822745186517457563968248273737213
7144141533598276654798547372898277496912285738666966139214369467544141957499229237256128889557331835
3595245467271124455467244823513225771516447985136627328921827931445343289319516999297126375149419817
3555581488536316912999941478251423464454137876792627458344861543763189531127937839466357622891123836
9144887593893926451816743299748988714227639511388896189381832724171658248497899477695498878458178393
9849598787812695761921371855379113253922161342254149869798771714256621656177139247421279847478243827
9395141816322842899534337912582282447795215964471377616595586922738116634982154551241932559395553114
6338865841996772495636586597436562465128735463752934581799448754278983164535358763573168998889296512
5167788975177213332852954885764685528136715695258427445679667259492285756697528248758294743484443954
6857437162812252638578536547555225359459349374591498613617654866458864584988518895519171533315189619
6692489574797891594751646854722287417259658561895177862987365534787986176369216828611464397586485145
8544229247493313442183571179281146955943547285185835666737184659951795118873162918452555238583739797
1674731846434761138769178942645176323399498512674576684662119531455341434893561116269526791815545624
