4 100 9
7389877718992165588646874351799561515769935927976665889759658199314797215255946864227998119614831324
1959391127863153213746498555162266821691678779216588592665397135218195255297913225341377623323877717
1324453252145685643711735425196282637387773811196563633173473245116572597696738854518929622459214745
1286846316545876458556352834731768866779784518448932859899916884965744588356882275689965917123878153
9299773421892135824146446125745579424774116755165418254361864531587912354245373396569852922827662865
4117163958515484593211213622632281383881749758939611588868446194762851133512842361421174671318295393
8525129249154822282172528164682723129375148757138472869328452728955335328288296993524811541829788677
1141534186669797498611866286438286383294583183875986552739892294239912944185755927836139236388819686
7396227586953591382899483645727125441999712279647399762785682738822344468524828947782351278181352382
1487984415491554755154188423624376296177894788288859228677924377324939515961638991418329163558295991
9822636451751289248541819899391765376778579745495977313764658413465849826858753828284541153716967921
3367386313556772694938472539328178958144643232367674852728943262783147318592469988829832139878589557
2333595438241786687367985182456364727526918473929568263148525615295573271194457664411816128397699918
3667894545436545197526864232438645615757285387681129798999191744293831629834496866922776617854849482
5756556473397765615233591588549648398567777771334666153447828811233157654443177379778651626241595727
7579432642432926684577981977547842811933312979466781433221166231672865641269739138993896923799444462
4932369296667782273167368761227886236977298924136427272675589246183268374697875447483462213394732347
8891144752245531168376443664522542336778171781312478529162146822726219489464536821443248752316734883
3455797554452337342593845126876439535642666718567487464822191986149136677723736155358491782479323994
3869915978876328862848867371888347568962929598994474111784254236197193656588779884945517126573922265
2554294412477113847553834337212569411771336868268779593547282971671312154163471921142426823429396472
4311227914757846616339172252967994532397328397459841421445663389724435821832224468419731683135735748
2389967967567679799589943193255866191375918453963162781774972161635622913765487618247374239884791424
6562861569998459974936212278665273881337185725257975993364163325771759173288966855228434173668215883
4651686215853299283442397899459524393934198421351461324248569882689994877279387986715743821618927584
3929198948424643473535435345185266841923438462268851594292432342879837789461465271595436393476923894
2399652723143354425356684948771452872827527515258789556162355386593354653466799546548727184657743346
1633681671476433383242364226589814185641754355155663685732942268511649997375522315333879717782811857
9636391654971242342924656857671821355442199288476556247186893228199852387353436375642454428231115991
1331241943273833757788642127414372315197239998227398774242732574913143476837176768182128814399351366
4837218867761347248155524532784122632838142927892617628883195719427726575498843832884523815842933584
7538811244162565837266982199569438481525683392753488646491413219667655672887444751584825128724633727
1193385698954342454467583997967169128863252178898439861967923755384125398467851323547486781161884315
2944727529931482281518545476775487186479176831238642922131253784135955284736574229572745144411938893
6817459424629282493531479697975189413357345563272217119253199795111829751916933917813643742125769786
9519418618859341462549249437636633294188514583757148553643439381411158662874478157145219877752693764
7415427116349232127163911173168781262587994496824529829549963984459189691629537345967727384475517657
1111215512527826783761653841861997869219533611946445463373466879658778872466917728669586359697569776
6947969957245777162532891445729825981837629457756773178841573247592483464456177339787837843612156332
7632482773962582611718974463583192212391247139988324715447756677756355614881974188822129341682814132
3651125626244534862274131556948125567561718836174739824938644546296698947569113377845686827674955782
6685548563961176626771194475324311732146815134953659916254192341498599956465299288952694387328553539
3671475926796825574944885138239996782922938845138877414337849181584587745768991894845366986354838991
4116658916927915399121343474535553161725968163589694891595353192499356759556341168536986277381298365
7148328347411631734312733493839121124184267552283756854156479188992443379648855813476216881427229231
5144633155674145723163541469612755943838665255246122928913257948486441321638915985634886968285255693
4587581473266513355968562158518972946688559114187453444356922329946898533669747564697857611747748543
6329329319815832921976336773752192886321418456798989294288661419874939974324139893924636579971453574
3925393335288772355547217527887735813421918277617155462995675847477758361758726263643638568285874399
6217223792599936781868812697348928675678531968547592973785722782993162526815936458742429389425789633
3353875522268691914873282984265673885722222149346597335618576194612192739878325523186655131273237275
4233855842379673697276126761592366587439959583542225918727688226539162311554648918869474644621335397
5998175366173925737381383789276713386917753679696372459568793811329985638955154521499557296226474776
3627198132724433562747882476153749372951384296337339424467797211583488472856162387456999742597935629
3161394129279358999958175143217822455548714929425178338271235516119829842624192585421631314365787235
5284921446777266635522771671265977149853795225455291992458381118348426937346624891528548681667429195
7278597515557746348579838727449375796561344143694548389327948144153246858883489183915481452875926784
8115961563397924856757528815182537327837126254777821129848133349452991711939115488793542642197112386
1117331173551764221261822694642716684758386688193295231781431563513921868969841865791557173674184134
8421457884823189977314326742424748941834878353174823771794664924236124928454994848566933431285131936
6638959539772377834755263795955857273185245626594592934599469196594359846828235825377482654284147831
9979728827463533981715613882138321521732594564523358749911493281959775428851111291962215985846516562
6253723261563536867691454325512956785254973576158496963374463841246553269781463197166798542676281876
3914835529668434775294312917149557987584813852625196972284296934635282829128469968676125337379892656
5453495937368456661671521625994498326633197258421157498474347143114158249895981327686271396717179431
5498313427896728551151645487651817632389446572524139417431337795215141199136834867776496713335798886
6377356246111294251948369498532118764322565571751916289867816318151396335138188545581369241233433319
4453671939886174757939453568676117434815132949886845394798586391518954931546373313556335854664114758
3488768552885157877779959444457571197297342174284556727263564466268772469112453254668665426854283655
9453898556769463551279758244389423961578283912939428277134862679767299212596876868884317391333489284
5998931976742992322131877871589299969644615242279485169298162118581836232336812816192335195573493671
1863531595191278954146843794688472623732176875554164174725281976472984386488827456811214482334846372
5487422321956369538282591518193866218648132873326923796552825989392529316754827813131122782389236269
5498555198351324289459994142596611663968869283285335736863598618231351818537166985257812537663864166
1446914641741448449732611963636844439274621718469699895611735465479832579486679587912231999896615947
9594934132646197364398275377822921797113822126874417528932564496339261743528318581927688314281127226
2552118332873852511666114632688779936734861125729778487589839656893656288412754224159561861166586539
6811347954832212152643378797634422989761792231578644963931511162238923849329172687452788267339141426
6922591748236225271375195716153953465757251241695111379362969665868238559973222596826845574382575372
4772827968891627487758798814265599495665478412214568371485443996822293326284728242485471343546684223
7732515413895728353815844351771375786225651797383754883294996975959933368924481787899948145899516335
5936775312314321521753963928399396178271332557657378893282282593891415916997936412414246898126125351
4232839817323831381582786487383976411836753252291239299682952361966543162844268953777671657996813773
7495831832326617557636625339513645232894238469156714674387421991226216362652315751978512287899492778
1112519848777574347413929428474815747664258664387745773958974369229436854531742557544846691643122272
7483625785197254282949377179951978926468294723891626352652589984378467492438834274886754425927123967
3949249368688176929328649956314766196869531658454147688128827424975536877357433567437627893363415965
8197117351364737361575842675462472541771451759344879765953311777514296631672294927971787334261268179
5334212831487929212382667111639729327876864835912295632457796936251214856755192958341386138347152333
3665235343452677995815236593445929811815996835772759954581228454438541694797183661634469725755872558
3366173147932654258955187147674858622136852997515322317223831125212585554353889913362144411957587368
6471964865772367157731542667965971157151985518679533736412325148333852625618795457577338532795829887
6841981823619823614656221713173559841739186588975932727984842286444588642718523788289393579971491437
8667959473738348189691538662394767149159235258488657376861117549415399487766185129749133572244464195
5858427935851764282164923168673964361521978276117513168984493835714314321798736235874544132374791292
3194791375616793625525665227369833497886167769493872727784649992246967372841325412374199192432558769
6138783358976959943167476187786539937792387988876261813756255281839257936987121255758812911229337736
5942912261715559673227331623598324189369347738111454957797415292141548611389338263253877942925722926
6444972873255492443593815242353649157363852117311377936361856991994777752215522521917412888731159216
2951847845949761168389955646173796583865664464437291836593759737567747235638684676581894695465335671
