35 100 9
4665198795139654219184311357374126368915672277151217147565659254719378661584622927827238734171543544
1884612898595131384943756195866127553415658213412654733399717719588325964327532354632242823165693626
2516647679526881798219116884379668689478222495941721973799836956159388271833785349956363644244829344
1754645259872262725256732257211246983578445146679153831598584936885584823937482569563461289957446474
3971978516329328344749487461422821276741874448283831483395436584112148363494771337975981357813275568
8149935759631544238281311982659175734995271777621423632626744774123438669832593891944713972943691436
4665152211995781471645944294759839142459852388677722549557373731532229782452419937211698286484472143
6469399733235865967236476846376163976881455342393999694746541816971232753851375489357457826964871873
5861653789744134126339363211364216236613662723318469939726456516338248393563744872351282612633436213
2334867213831717972895575949396763734698376234917993849127445372536486866668751453661193572293451468
3556989753568877954216822232328616917952695569846715679328828793879147697834528672988759594972353232
4615292522542222944729583289715689152745434767782373546329558147688861762841946631484543979155393613
3784733617128446768256991297337694625943131933746224817259389829544262697758727272918813259526151243
1611243244543882748822191836179148948326615361231634977297733887371945487563881169482473171958862374
5268762447394812787749997143883837253873223837437115612818142164233695836386243527357976913552293765
2625846753931644823288557235729675833493991935963152431514641386424793527199959427946812493513843544
6369648934961646784842424594535138127184131495768645773153955627938285372451393591753738957299278834
9727137161945253269472759867682578615979678421249867267675639191645819518125675228587845618364531896
2658836216194683946422285344788187828727442789962589535296739953883925241324327866479468449155383397
5491823411866841554755191645193212364578769649953874893423325397685395639953319669318789542582918936
5844198574126125956325833877529142854359311193453721369167498558386657174317369818752572775891725676
1928681862762253817616674897871467382764914276384496421533158969189759584525515721768577846785489176
8392426841347435647596889196619787652841553995631231694525922615439182749559973316442759871862698346
4647833365142368688893183817159922112825895711732239225228846613677346947511728893461397733286931458
3327913915418431634184457431371838844572226639716853444816565897936381281576939878437864867941646524
6458265513751585347598715524285373958146821611521315853591366782272143842627472945164424389161488346
4837543357328356735839597519894799588399343693377193389864232139128745173215138644194872239739782659
2415253395381759796761418793344381963948252446482794623226238114174711518575695346429319735194887149
4234875243267136793837283836833419259954565379238729718365544833658266385379493987381295164241342826
8761915261141599368786813522293485775367543358713152663773954849315791958623338132685575532825966127
5721967165487381871419687961186447493578171487544814791294183857296578988264665947453595395318249768
7639152415273829158355359128539891326735438241638257945897872767575491823929311925598461884474921372
4259348141566712131267667113749538571295835699883713516739745174882132299485715298568555564283383497
7994491926211695113175266361568384685624476659154183174774417736331995792673274472729676487932334313
6952364879625666126918783777818324676983466776773598675133958249376993877515148484944234317386237674
7454346471971677354614342735679589824259624548439716423655481531758566524885227284494332618736852418
8991262315455781723376337648675889315665936391683819767863562754544934721818727178565724585729751729
8274673463145756192269261716258284757919722457499851568766783169971425779228248612869223867586632287
8432383719429453511848554631784974557261262521174842893684694333778859932749233525267117851129991385
2833511488268177257838798185531165319325555492341679934942972128984419288956299362243962568949734735
6277122485794716942542925762695117262793875368341642258895719521379154891189328753426571313289995263
9676282651147542935693784812128685662236783446348657445212474893521883693231561847733659373378271135
8651462258265299729182478191976711993991881759171554341799512567358923698191179198391372965392959855
2888761531483341339949324795815842526216519628424414793991546176197899353252895942168622295256161655
4734983286366175651571792532363745661891368742755223631565543546446811417251852477364542796519936466
1517214493855212726463621853927189177382788572434532684813832329296863348253231243191639282731185373
4911596544938352657353527369325347128545394118741913365216916676521637812984562933519435564153993474
7981497515267162675221582763935568777771752429566942831268325754331558943322189573152636212757173634
4694923316685728232214937155474499974686848136526751646744488952128337973476356563869612682666468437
6414557749659424579323842537696144556816523261553788295271631729937869448812339152273286318239747511
8836798316345481146827885897483296619485353251293227585429575773866133727293899188755471327664243253
9232662673755866626813541817467619127493473922698516827458539292883992943941736457941254436217949818
2467347189594447138546595446258714232332867188329614958466322852839326511167148167218417397345823994
9133229284496266174475831965535717493741686716416925661469542831555311862242242195685334976985116874
1268564333341795292347322369762776875868547117758165138819875537325719154158253131789662369466847398
6553813763454983894948736227359936354723628112622874519382117698678428482914671362156588986957798981
1221342663696874424512291341221274956668386592923671889544637141491514677467679213227984345556591323
6743934213867671132563328426419662546237367177174774855472132943946893694686499398177448188477395542
6355462216566345429849533948837622327968321426326634919857747314268472324132817525436212578835211523
3317172931262949772342735854325835286967158145819951945653863184376949832682559327428788878212776878
8913366263866425459333496326916293544261164182696528116678571859721388443714326959691967434784191457
9816765843621667496278746137239644672336776362319974965412623681487255612486648766444173444686239474
9487428354196274399383377542368199493514658377737419143915442395729762784156716877694324941251879752
1982324976183217396686398836243676884789954346258182474545221268491261454384448883226543427334676373
9834289961465386583943461534394683784119352672487743686625927821446271211929382571645213634612239979
4178536413444339335589788842618778789536913977162893485883378273275891773364168944243956138618788284
3496596553528792535394414112277113287963135291679535949492675623435432261427466681587762772884264278
3844672215324973852863699785447548214824876998366366667332634162714964446169345436293588155943271641
4245629669133323551943841666297517553227241419913298675229841213583578424569973273624236338788622671
4217885271299237198357293399312276985584647392339777745522251639856523293195234864565658566199426755
3396116118956854649838636636788729414945425416645997597849793772273182559255587438526251391992931929
9721394181899465151196859476897532138895897778898817992222168794949569243635442665565778529355175919
7519822233354586985444186743622376871256642916663198766411255923671318971433223272779169361725251412
6914771247528235639473967711159591383882838539163651341692926797143444885763619573671791274673958266
7249629989273683881391993122616197989712347899111349743394496122428578692389682161668659819638428133
5259519892178665991186633762728966624544671493282874363226726786689276737531557751311927412784656242
4629591978886496214856373498597669684219842985625573716985119625544733412956899578481342241577936339
2231987618717433666927239581763914957163634369993389581967197183316531795934354511567427692372833375
6757825616827371362466945465226489753435335597271122817293984667371719687668525595382938589158629675
1363131715278359196249563577249952129221894843793774475468972798153912997176986233932225532993963238
7932334511488322518251783378329928653884333957835652175352285219449749383196439681464434828826539544
3485315534158693371135217614837176819122936592461229228939856564252266823642971451674448274654978748
1559438862169599151319151352297568263184571727822445216253435229985898816728254886556832811984582832
7856678172586628896399997157969134266787923349996153465878722288817659959919288685175757784999731149
1461335657916131812587759747371225878428165636967461354284859661625896736718552343857332691632768815
5147942278365336511445966635793743423171581674362821926655794129789344868275649172621564542571277576
6545941612133327988828141355285452356174469398771438436428789962731356953388371412817357814789438132
4977527496825931174389444894339722347284639733194733799617465261679682525427769974856999562551261773
7516246725472552862989854182872938134385836589777644988218538858665225274165286973655758852638984454
3638572729549827189388919543398686911646667853363314287968229664824986923918186428189742458592396967
8527898739885197847697669379913146634391459225823738156848439193272667117729984661119649527385763961
5342369111471251589588762999872719493964558154161736599464849638332135184486653757398617321365168769
7922737883378727297799663542414252565374423713468497474352814488231451966855771679879297214298175388
2796393497599459674613596818853934466641853852442121956686275453717732838636792452374248624625187281
5111216271746648383186243713663974337653888252918533361899881119122244333182231976998135528666585946
2569911156149958586525165251658419952759198819567428717285219299644232828357571378883137851646427996
6745616994472819985349522727592171165669598551525174941396992268959369737754117362449312462119942226
3584955971795552818324969659246318518266987594233364474611724743343648475259757762278715299293145647
4628788929634548833215964815638351394637464678514128597166215263942257179276393966737674499918926784
9562776616875568578598159412261116764958846268961164336892842979867796984691448721418456748978168292
