46 100 9
1262599258812547577436297527495438518171625169877981693794212489199945314565432534813278629564318639
1721243512137265634932262142798644399656491887463985633451288422288414727642288471843755386534863857
6319714832567388727943791286733221411557271592135761151745922787391433495196386367937511248213615831
7694489413798843692672719929779638795533553711638915966733748777638756677825994616858532811913171626
2847912443743296748726434754726815491853885933134536136348782732815166753475833738232241527711294942
6355432983549711573453993176384936382932129948348693649378331168434915289481139394158543627634671635
9863567127316771975984364924147679982338187225843262768944182939896197948469911399786513566622394758
7788667829861456647917271292546316894362551886916937211738714722834326111425446653927336784179117386
8258352634193146548453639886424329455635984164494891244967593516426878222847663851292223759758891533
7389742168929789964989666197886369541967935796383923948922143269563566394332334226249163439323453979
6925975162886396351689364546375655837422777544838838757379615428137292123212668832565476479857385455
4876517978185834179474517693212496632418249728187368533496279551464649724835537192913511886495389666
3137277414234738482683867484273445269483763311216917379513318614117656362827773422682991962273591264
8281846841637656624819825832772261276134136594163931592264667764111862774532119171347756625742817969
1286914483286752257277951425385266992325987798824488266987739858698877531868563453797675938893989257
1518884254469426459818359517535774181786416862863543767618423794332473445799687823959835893856943217
5343626795184237912498143435267478162837323695458797131695743358327932397524291561361837983355779652
1228957681941781166755634885689366883382779211217184643991414766719491324551454792272879472998618843
6731492933528366621971787785698193419927324554174882827234993277925719472919474399996577869913674164
9213861685846995514719487648621635265625119481889647379721164522437185862677685693714821635592145272
1911489762925693993837393429311198859847278723243833817478632479557767527663676818937833689297282826
6176332478285745523125853814255642817981555195774318738955982656418331317969168725254266858993357579
2452891225336633192665987129571427696347454638825316175394827894949986116929798521453654753185631378
5767228293893624618789597753274454125186282236933848144883633125734989816474363731273685853746684899
5951652447657368731881922372284537776323747254668215263896195598451585455187785176725486969118878452
4225711331764234535139165984866648143585688462634234465964411163114286838281451211361751484918236126
8371151516275146444665991189311552891383123152212444931421126552939237396862778686756515264978917313
1271316373847371863755587579757224531773894988571991963526742575997499598333314666196913478186988717
3342821288825954126186424474266836224799797115966289432419754593714362361618923439651817349257754797
6744535985129886983165695873157889454141374387274877492397315781596285137975869582949167631566639245
4486473589114842418948623553532119961382217371123286989342651524447354336685851878136439164858687641
4527836364122957767593947864169412539469153141552436491555183139238733418937284663331369119552944714
5651669838656847951274424841138986698456662783487618161826479344749417875876373934146385883978278456
6952155486533767363171899635414831456428494448199263123357122537555977148794961324375512587645797249
7155354952451363934694987448187498881389512163419561358438418888892583321971275512539982685118351464
9864725195574368223287132338135943184325167376742585755231455397715717522652845653113997652947431733
3464934395623416934764136891537479615216326131537357597844466617467847841488683464384776816168154711
8562856562162616983753323513242764825819726693856297945998994485725938854995766754929417789645774997
6492192349876556474453694453493789129692924919128632177817435816883961676912952251762251868323467221
6998212153969729794777141666334148464276666941494286874344271691821427648354375437559611793159953681
3193899316553273373318338152611717573619693779795698181533375316348451926565862692675538588284225394
4745416815251761787668526686518288127788963521667556846581187367572712496848499991815429531548918531
8587551385322841254459285998621872571722153222788647448791465119296971847151777283721719374334842993
8411745687164753143746881567612962736339572843941453413966689472567857928643942684286853222979692781
4618169761934526359442316457795494395418229931875467911223212187917186252212613964299793392347669731
9496914557491952643213125315394925792928294371759221468267373479253621478648995777468877928561428266
2864455693924617785329428199554568868333821222555634464627223682596162229758147249163389984612795127
8266389648824454359715353321114796341553858928853245195498352215716821455423346648965446129778689552
3139787482972868665618828157979223837433494487136921361519317918655946417666883825412188311842282848
9175625673228221884594733649756587839844394142562365959425548921272957177161331276294746767865439679
3286818369247556726579172368391148517261446189651928681364292249625479367898877688567274478756442512
7828193385968555471948229371911937347216387331334195474766319946466917621882956452121582749156295528
1854224715966433297491353343842569482696728498433852297877812667795375294182299861634155545638673644
1652776598416233758918145139594599343624518761825391799271855142228373881774176114418588992764193312
3414457262434439265188131798946237362687354532195793172852996744552564571556864551659626761721311738
1173345822371514472171596214898132753525187915714126773416549581251159754815238564545359126868459129
8472351279976822581382597452424341756219577283577645711698721657347111818884221233334371799361194415
8898423913867455562875786544645621147591956327793999651948381781362671343685386235285726121747553389
6219585659753344962485835614855187733982875792958875212957443773656921185686168186841192872227144253
4968537288373983624214133223646696176211423763867428298655176533195429742299597716716887255633542816
7762655289689441524287328383926511444672478582516763439974574615281945366618832862878211721717446966
1923334944335646773581375663522165595837342712757386737248496162439626611163876656391654471473759977
5757439261431856727686452681884621443539194279121272117733121324561812431165687427562973858157294719
9766692728432756219811321297716177921423241743581271426887539882454342488387958387653271796125755486
9864717658132391269388839359762686741114885878168222111474352413578425251789271311315857761258489927
9198983117642252673488182689299833166231333977191879212286282613322231366496878782279263321361474668
4177591877264451599522252249322612349628868468936374843427327933477599627163886612788557784363759351
5474848283376279226166521326322158559967373659333667646576292116185687629499271427736298716351588365
1435193459579423971469554292341875272251164319619347785738449498973392415157158163835843688881371679
8553644742681553331284364928898727285594743817672168987323161177777574528558975244233715376335736634
7967171956629799754772613951465977588388673515738464118649627116832959293558367292146435145329817264
1264452499433157926772294147166213874447282494878863714469925996215641182712569336948986192638824753
4846114768865799252228427169778567923354851423725229817955899661226179385163819238478564967219954955
5664364916923692952154495157617398363623285877548437667912998798226654465996556819344319593991498469
2741583753765648317526684879534248887732569756941914393734696585532113771583746764847537516691574155
7554851214337561397816418289168533177619626872656968781653288884466793427383843317114663842436654555
9764943524248924792661263527499543859512253951523362929527155475151477256131855312996333366691976811
2675193591435717963848727535428717316516985216494786118429349712698976542894911181321571983646812584
2815788854781757729849897877454513541315977536744739863595173334539143848887537213356656636827769535
2121394569576553532179176176343927338139777675665948424856137487551379373321348295394961991316138585
1283528966383877766198817646421159332435921351544479371712764189144354718677844223685156739324386141
2469793773333138622468752684281584373546111699821759432673583563216666586647584342132312144395843483
3769569486944977892546659229343928887479897462678153834595796427936946267355168459424864157771374776
8679744984163679236726117443438967937239956441736464693677679851424947382143493411635883667924423686
1542438792611131271895933723549217113799439636444916383152488639536723632572843749122518465963338624
4233876287975429992358378237794444433675833369119895284948477432567859178262857373711633512751924546
9254168479544424486494459488834233857189771275654526416161931368847216677997422657886349413849743313
6415174469823123473539614514554272332455916392919515617721988785947928869266372722715741659977515837
6973955942343844148684269793916253938135128297477673911862994551553562596635488592737172413244635229
7216733427387871932595962364123776213938966521964415867615364832229355271677147186644379319891986122
9744135526784759632893697567232159642862893726732741855424952412891554583885485134983861449684417992
4277292475769397833582153452328314172484516323497177285533971379469588497962576887887444428669545673
2416396957916695775682743154915643793931683713864367438799899138617963784428182382225755159811471589
7613225921696711828347311353895787923611432482993431618567341224767758112691498287467177892787478892
3969219587497817923372179194317653363285126625322986491597584458236898356148792911786843192248452234
5232969859978776283416478934477155825989223655658417994634423118289994187971468735891167357249271339
1798264271372489654293931893714963163216487312896768551978177291874335313433576556215646933913448659
9616289847978975757911123763481234126692124854383524513942542883617491718225343694567718473958161561
4739325179716358983272558719337396927418742716453854845618132994514638352993525588395929786259161834
6576996188931385487741246748292433376225123469369399756897746856652216285538575829514563588752983559
