5 100 9
9542459737266997876433234229362787628355824579384882845248329566723775594619448737929644856737246422
9792365992196463818998781576448899314573852642616616953561216461287386374227533194673982611855984743
9346958387559198697678571595354192347483451131518995352135317758334123149141925474323141484585242344
8637166914259747799359774977257868541343733264811575883189196293747923972397583871213444298851446193
8984412681578156411434111268567811817146441966775513733763895443962943651149948686474213899136199241
3894756928795967685173951954769556561286732172335133561823885994899456613737465514944266485775411679
2416379821525889875581655522367286376436183357452115118568697245119779893362885783372357555765127138
1278136372123935534351293258692314931932713963958875935819932883126257469697981965218754886589711725
7211284956324788455524942163631272326565677817613134317475829134622434265757291924535432392238164734
8649591563839567939829727578913129442948319893216496611781559351139535637782129731195412299959962822
4812365755543712155829993188873913784219245821753443341824715386939731948845154552683622283627135261
4147559813521683676533726795671572186471291325438832733615261932111475397673616512682143233278735964
2759783254847196766385584417187646369994277731295613827474133328682677914381565631719988222653422666
6445478751263681199337662651986887674385837314243919178182822267781464121289883847836925232564819844
5744356981844375331674888578973929339112527688722744189164157328889216231765896774596683196283515188
8357827647328735233296141147335575754754891547218347269642594252474427334368842932156723457869591647
7541734694282947644329772699785451351845989888525539481937655953536992556783885724262444117565787638
8551337936896883433457914838285131256354484523371898253618648137692338196836757836178663135834925472
9496131388485738156636489653364851722113147563266914969228265746882934338456733145165435217949987132
8741814536859765121846943536225274222639972271832932161286154925845838585724693424384134526227869679
9568559924721556677951294299224478817673358992531228629996635699328537219689572758994328534898812943
9584878775353598631636617635661987727239496612574283737597972141253578124756539182499441154152366477
6513497753828897835182583277283936586924263425274924575919623158849697436366146341741329815314823293
5213982785414342936231476285191441241285348579813884177357169417688149887361968757313295628997792228
3163951378879932819389388446487777677346274134343274231912777874966625562489645477516829997938697884
6384974762411427286276451911775489287385697753264858813414768447993918538754179579374182734584787491
5699588146855274835388191656122187842855958327737529713378159567937641939475212164696299727491636573
7835447224414377322355968467278859838786572832992587324332984199499387815664792645644414745551452531
1521744684997543799589769774739589336745957497766261212281529778345788757353135511211863399635651589
1551387616355685478962188814796229198132236297561982212642344573152163824319446933144997118286893823
9642488515643735516381954542438454619328716472284439372714824378523519445551512527647216346419242229
7686229781276145842544326575827378514184597161678364849351243154866772876251689324958846238316436578
3139385728648563837624391552126342483912966648959212418152532581666756831829243224811849456558758193
3239166547327588239825161213227587941119768189762437495752567636339382884124586257522753552413929299
2131352694835199472778899668115666973769964262223687116155842493567538976562126454997113231319625143
1617662263644658369115885137241919573111265928429982477133722711444726186598979832154661681575513751
6261512651454486724234587453777646726825924363695782334147439311746981883223739744951779161289384436
5789474882942465453854128663132187343924247949599768951671253867881223231562685561337492987918998655
1217324213185726384526791793354128971597964452351742974833576657178493681753396994542423279737859118
3254324829487377176451348652349643954128569697525739172152893672855557666415191386211628388194648473
7933412877554822738231184993283995539934459475626227671679279762236572925718946725331174779866521832
1554936953717489263215766431975684991913569332297732911315999951539323656584327778169698774775776337
6137752513678392274979468713852639816715456859791843797734492757233468462359687265875897772683244181
8283221977531212869474935725973396984452654924958827319568262783784767912159631377297657343774472897
7115183319956695193883787466833735924365568345594887718581878896381755145261442775294917348641514262
1396216342695587273427162919531549872148724168265487239547489975439719955749632459781149829999431161
3161135455996298983646147681453164564226773992835782983918192144721451739334222863762317214813263875
9559178633817922611116226181552977381791861986432618242212415821389481634674444344635398447427739415
1581746168398184351498373872198798432647447776512699273664395744992938923473548267738184147775353496
2548116851917186483591517183645567392169944135131993614453813275774599429411248884277295675712415417
6683624928228115651413217876916728377431253817475276249244519988699499345242474617964521321249595181
9113993592998971285618631386877674393289825313235666465325499974558954546717231478573815413816173979
1429278364641832258896178818399316438183487698182841557715384529693775226575281982857521586298544531
2231242362251267971659713157341835972866523215954985688391113635724457256249811898362674999149747932
9848611543166251754786531397744449344516843427325464127172358689353918867129129646381358991265742423
2864189752117269287167236387511797626171575647513166282835345379265976254541566865388699783676282757
4374726185353847185837773429853128689815969655728368977558271351911924366813589885739819942148864593
5897963766293815516685453627413862554812785558197875734299363738476769234568549895641141285191313228
4677426824749943447128415554542267592319671731982933895314751114933294119191876525588232789932793344
4535527816125547884659718421583692179771724285796518324573397816884317125233157814125167333341589614
4697497639769119238575329858874125676739266739618723667761122623921837823439888846436487945471497473
2212716593231662534873448689599231732597268161364558999969629227275961628777999949635842194992652457
5885848727642691725352411423621947852175575164695287733847817363893456662768649288354413572174291749
6687143634393971961871812542411562511266695799362644898343818868744333445334414859698214127873881545
3134789474991984382235265589811732664533693596312593986951393938763549199838427717883911963664825318
5369986889889168131757737364892927359533455358883213954753219698373999276649729395543291982963773177
3872259512914933996296138514632885268676298298725923656461663216735647726637343832489668393452972274
2383155175147933176426365898157981611646141213439117593478686774662666516435324844672965865265628489
8231932589224192654538189316371525619315943712417655592654943728326315713241574564996253523253969983
4917189977317552324177635917649546684589737165939633286568543377172959394711953292335888982386357621
1174798721982155636647325883368338331254683967682468826385856963652353321463734932174139692518329293
2115197487681488915547593684144748653111727426598681169584516571451673287772777237243688392349336685
9837787912619457658131477224539752251328275385242553757929821139974374495717728899397884393659483472
9695898337454157562248378362948916594788958641838933991764627772741597871355658281628417539825323395
4834413186366721988296795981339621392345521956312517272952583662659513638179799712631447517541354732
6862157965966141875564487781327546116579634876279514731152883445755445848259795314699722927486337625
3219264654618277615248963617455186556587175363377638383388887371834918946264667187421579531653527772
4811196388637169158525936838658195922288246125849269816482918959531564724566435775928983862128133389
6493157334339717627718267699984368131766152172831495311464977876366966838864582338731577912699377339
3587477897522893842981382916567415676623184451478581198243234924922914547141639994626257784446232236
2932828154937712542557765246384932811553338899644435833318233583789895983649686752389537914267569833
4844633269849814714137618337229514781867371559255835986565893774987947169277178728668983873628932289
5467386974776168355757375872165164574855232173482743265987946187169111565912949844566853692447691654
7339191934769578722399957275347925329424127717799942533152944386668982685847335243744327969345732472
5643953751911717149988737199446255554952863632186612947333648123248528167348476989899594986847122453
1184329937829478238752623265871738711389839573483843348895571754195167643171198928845319866387229242
4397325218486683229696534636534833768846238161939341419773571897812315865271349315824998976465798123
5848648415389668593336392812429921834836885996766238511989137989489938669828875675223432917767651125
6922894916895485317959759349925858241132364157519194983566145598482131447795968853349177949884193195
2442386486412123757481376745294226837458993168583896375613599693167216882725353187238382544433413298
1934442471161323386698146165937293659684981836138824953678986166178432153645739555456526755282961919
9855284934521129873746812291224439416426253516624852634588848757663439338591736372233989555912718271
7555224858877151433137328188993783466688518751956645536996285224822448994867515269528182569734332985
8315621134357421676121744117621982173858281828959176464459659468953567636382668578174629339637253984
1597675863689945134855269746655911668695286344816716634541788325672183638546749395497223596224832228
3771725275792111981572825419645237888543699142874422824162399623237731922763476531793945936485991574
1946314994795329263171869574863699713796911261954617231467358551664391695328791365688777632162482461
7334468333341798567294796671638198543261958551851718979591838569913129456936349664435678225283688152
2347831237969292311633594538167277667983318224859763756628645584844626262384138391383352992618575197
9319234641715941327573289554734913286814417786257841927356955778236159827222217747665124771524263768
