11 100 9
4965798173164841544314878313965613371784654547841597881826316792722157361213429793952345526499726556
4148222846232174885578419599971475785885298942365868325479629759352484797274847252363477433241299239
6339394845496667324254927322354689723838486245365914219225584485136522198734119147768979697422652453
6165961678216435423352612386276543284262793694213189239159761484434858235158124135577484183259549945
4689235921827686384157914644714395687634494267212532287429892355817361747819264399183611453971242131
9993344376725383161861151655556328766555921188387395268153817983797565691568744564331124473878928657
9362933326781822918246779486564137942168936777929811393728433558181569711561745692663723753454943935
5366275626672259955788686878649952929442561199537534996153835339273642622714483935826756597726149188
2535117336826294362923516148613217119869649958343159889658956638294237257963889399728284483722533676
4777357348813356773653396922598613623449184364751935538579473599638597221523274154576655266817252475
5469675656132141253483139442581259138143226118287922762774432495675978115792867957886866983466446953
2778651836366836325881581323736859474474364197788354166898242315985112793394112966292396754938598662
3867891699475488151635864637377274563922218273764533574277988751793766238575414666192589645434353382
7938941314659796744464154456731522785449728369378984944645728938183622797982292179843278345344742783
2551631664863817615946945598692615478869358417856481931519211327472472449535868543288674459857853792
3183227891861974541993837996594222988798428388678251638748464113573912116762341127863913637162245423
9629277197387313517643212856744571288214858731313276885326969581956875362377645994512771211215479589
6566379226182664698332288569785339611884551944354225249975977535687769822845352671189614472976417911
6785142628998996853923931475797421972439133967346346765847773534676647489267599795188655733791543942
6496553795917533414163252574197679736342722586236338327831858852148395766327654333449354174465168288
9158935138835277247934154882581135186513854994672466338827292474782597742521574929185161886769384713
1367882711882256361372353851399219249454694194317992178429594676813274664813663245598467785717284976
2218683692365885855883515157484778645325283852186899398867987925759229544759514962469238923491371766
4456951994211875811472152685919665517892939232811386459244628547134894324571635941849335474147497618
7775785276781195236454583735194721681145824465884341967815469342748649954967388214415333514286286931
4858434415582366125738598992448819288924748755511127322174975462968696883145817379855527182374564212
8586518847995764425819933374627835575858514785711366819316296179525348713844129554248125771287178416
3624814826638859382885462384467369563181897865753777194929357569339571298126113677441618426356952522
8572566557547499167427593735655977498856752617291783131676372234213754683878925318498934771899145546
2934842526949656518213685673213486983372725651298338629257128868182957578545835211733822241579912584
2489796535546322346654157831483531438422694182566974173569578325445748756487113945362897451211317594
2665935736469932983514165655994724131769589623734726383223134484233464826741469255453265247989421517
7567399874899849158538775495952249193284859855554912172791864465755389655262659245677549345579524737
9948359461881368233729537758885668723991641613754966577878956566244921667539195118813644676856952697
2111615957849286556244658255492369682991517431298668347668172417536281822181614955764454276686936786
8622531474814373691367819196238666451552268844456165926122598758255845452298636443816148845525189943
8456674888878365813642899181893459579819974754376473117266474458538891538934136456267799178247754234
8879522153374413418139972673245847943256793582958232643181941344336756277943788349894629783741985349
7367849221135476978199177932216621423863595245564288576958772297418381515386723731649678938476179513
3417562841158799775245466421843449366613539513276614979413238263776727811826345821237812768287444458
7725167225791395517948154335997983929648328185933777495446845425681612788944244879547463666218576418
5137212113482672377781625849631135541253363489468172522999726882152424253729323262422413727185548173
8182992845462296867372928966422892164664655866694351614443861474643567176592679673875867526914638962
4332213147911513182892315743831467528568435938425774959351517199391515293315851888789984682147657231
2134712453476586662532252576495557736761989331922124858777518987676899466264139628718562371681325958
1295776256224553159878898918766752112474153435133546269531514372836698386949877718739714237841423782
4199774137125417473614135367337147634419676148124362597729981772469754884447138697582175533347496225
4318279651219743382897174566443353436782535967193687827323286117696656135315313422252188839653967425
6571226736462327737443877664184351646816371497529921716811467278136452197463265849334715847349768824
8949651614395546762196737178395192427449148674659888927242331148611543338612959547224986436767122372
6269845567459675278327527594333775967652151814815138452147781688831875334791449762782672295313577534
6512767591698351486542978576623247298374323479324944139467372136314148759951982411691787337371326943
4269992145666975995511462473724154235883221978923922995478683456361243316616742853646157393727866329
5515469967823475571363296777733976736895687435799915497273146874351791287282265191212877961384556829
1138247838292882769811634719477211228555893452131843365531154468244861118411978146448147936296547218
3241752562287537968186886149894898972549471455884124579193883297768579842893841979329261392213232657
7113471262628692799663927976278611163395564881576193111468514629328298376391261266552948959674221243
4383884841159373414489561948778655376825363232516799735921718528571465311847293989931783949853747168
6688188634382156578142813994618156496675732472593486648898636124219999674642962933356623832124477699
7873358999574964283344367369725278221924954662189949862481561991962452233919668745825144756787869283
7278974394463633423221328237468221689165229862552656832326328594223947339219358412468433251214793556
3394951949972167911957157668229844688795888349962994598218581557248111555282211698977126335257533715
5712239542771349348181315365962883675169347974832296312781441253878376188758142335816763357194294549
5662546927353794168225335365215261355458188356861193131545894129358857493328498477215626622165196136
2352837335272282768342787637223862496658113188484745336112836412537159321571737677878465938193561431
8476363571779716272984281549551592519943811491672894739499134212358233493567215193249967514839199914
7859485916117696218297892575625439974745423345389483272642325811334697941178215826598696285145188775
2226761187216834836641525667755386779362578935112344853541314487629762732813585561158638944523696124
3188812942289986817176429754911831551898684957485179118841299569278167945234312342959268598133681721
2725833296828746722486257114836671782556747475547868928152241161776118519438617743752865215842597844
4988543228281857838392196264645553627825126384815659293811543275658974361715766211751651429252384498
1539842954589636157549261413722379341684415579285818232453927855296554186681715334451964554214194289
2859695893493961675557511476745834599776795811346957643855873287524932952549227644196172454742278687
7868241313633556355298291127427149758328668654946194848141752968136224173641996985611142292326984222
8316185874517248457181387429757166674366913436586462899159251882339661555573896497379645327789276692
1481547472321649812847452914656569967363647574958913663324142528897878437818542849546284477331559392
5975879129883885162654854514284937212126464597687858962929791113378677527873838858279139456892496798
4279412753975824111858461847525462887594718898396958151267147612525295746994722694568966785235755457
8967831793439521551982251746956217742584913287341342996538934581855979362824768796752183789362593278
2529548192692824535198992244123559113912526628262727749356788195879239686891719885282924978593477273
4335766577658267744182437255996925944555767261911276929864528458335514629792174742199672437838261112
3311432727658446619938226938341522875342442762413368584444393628455633329734114262645915695926159459
6824377648235861157737183669429773936882986595875936777244677918351646281641975279161638634321787935
1381649469886578176517423257382539126121425427496593965686565371568138865418936423221382192392751438
5773883264866512311738127936392636957547116765829384359685591135266793788238586559856248911352858439
2664125843141878586831748214637597219435793842856677627784531853498183635687841166627536697135783832
4425737938874692417553816188943564412831851263722417627535489487834376567563958723372597183486961624
7624813775572636395631724363358641676142688824684774313458235689453728439674116165714388285444958532
3886728913672413323152456963926181858166621834287835279198647397322232129616358583746357985439662624
3133314669111693617636624888351836247589956437147652195764211227687898532414643123327835354756541615
6844586911894323644451732234332729178962392161861349518977499588632933946538224717965429835679939666
8598899863793945554242552375618538331987766343536692545442562353533975679384552189164678298399384264
5283152839457755899547475611494861688271351541455941999668453228799926371885857733731455897975347426
3533161611229454649451875847185841612365826558951752738849894613744961261916978787696341793864417865
6794874224282334514999169965539489367374946535885322993919495349785837643672887595636195893331926536
7555948386139783653261787252675199349393919347624368963133225661432684225286839629589365148455392529
9787861949314172763417923649952966574757257277259141976644462652631431625496542342245382786217545916
9582213935922551667912386477168963184493875116677571899422471214492226837937657998898839561259813695
2764154951623552376642113762637643341527237497712886366114541524455747688959422427119342188493372556
3542559258369414124226117191744367533581669612662899415245822184452365625931329325882146862519785693
