18 100 9
8722294841653628157596658915495229525119276496674132577943376929385593387752592821327413528887636342
8248846495547785836213692689135672226485569152176488115647557577627378438712477337491811514782464611
7973675114252778892532785563646455287626385668657955284351732353145378141217627245599687949378129125
3269835299259864687147654827259333893748634479232259348398973387978233118566126643425455451886934734
8332211572266143822268298629179283592967619713254935745441374136757634679814936946439135421477395328
6914663673535964653575377437467913373151438773492633426136941664219747884283654493152334473191888265
9419624737663258929561267258822471538658234588468842128744351176132898997399287429128937597944249567
3778516597918191591834325638253249916223939314673355338477776233854659414636214954724856857869656673
5328966888659334638566447185956711432523322754274323119216681425422647345647344696536932697985879746
1526642489748933686623238578218568877877981781496775979835115877326287323178935758791238328817175333
9776415472129786641964533898248964989676373696758426156185962212547885933617975635147891553813349729
3518139483554971112248645529369585457137434765378266913895469368581473322216222746825634472767389532
7659979986316768921795445582777971355514342161698369785278923766711248399243636616478697742757745545
5768913672468428692469581762157167854343948631731735915148719869645866374466327178851889313142981112
8151245249192651993538275149967583414571719776879251363715533336314832855725727381846244399636499974
8771617695899789718333961496886467883134824114813336836591548126542291456335294369674271116253356569
9845151151869718893896743989179395154911968172565367235662191779231954514439433747335384578752212786
1995849672113975575496998699113819565538364186344596912849899831936282895794882263119516611979872913
4152721635723891959153477799689877648455651436859821277564825729315723369554569262948527111658267892
1541923672513285868512564965557673862947834118762757183366975479942329891386681699843648733368336235
6188161853782178466942758386887217755512438446341465911477476139255862797713154232451988173876128779
5397295766993823983593251214273381123637736736494121984622287893736511926987823898566231995273733774
7193888215284252749537677423317867934944554576783737214473887451643614311324782257547749391135943825
7661735262391266363789962961525146689692896669821922855646718487433718778815194645272389699932533782
7266825637129158221786578335219566675143614691627286923143545763355399575133716158863744176837231418
8828463113924353711225564556558555314179632166464114589141542837874713669335375261614326387487887619
9597696413391837677449119823171464521788319964367193896241243884893854962533889251783448181513443596
9932486275291617331162574787797255713881493947418844191519939966562283719996127157924391161269954138
9919434573792744424425279433165411238161987593825554375645643927925495212997617741277978848465756439
3837199117238549168157821813243552651174125182339489754367312248671632751734814747826957968487443727
6333477369159713482437494117348388887668772255399168378128786875922233811692276126322658545947383553
8986535741218148144995584932638531782979393844344678365993727158812993359983745436498765424557741142
7749329595992424855241979392555874826283598364626248719832599773451792664639264549318383363747121173
9388758745968193592223918699458814929927937292961685594721581826651474246376296357519244219625174519
5751531554878711916991654236118586786259181785854415442552352589676289355645837543442267943816517649
2673726731217196694324639458463991738473594787487681371165135394655755927139689297583477758831664493
5173992141764614114248158142874679235327156645593986378754549371479599237814773113671798848947764334
8298456252158213713563379884255975879211751978989179964417933779975438135638951427585153286232971139
1897948359917814973672564928299429274718857625844331633146257671144994982416157342281296521576532384
5834244934939199985597419198229198398488422341422845754862432252237621362239633918274393126997796384
5316942558872834539418777715265691618263455137892468657215284538683335398112797589784496959678236154
4749624438531232944772517342592392115723333356673437598338269269775546772376395211799787529424326879
4175693118865456389169236847869546689583761931893888738366121392174447854335678937837588247457173632
1896156139755481756475316339987252943724549561941878941345967271973531358631556271469899648333385692
1724922914251491273496424439198938995167154955276393628629728189433614436564395625352791151632683455
8569519442151691512876425843785236385169591363689285398413346181616851929291645422934979791291477162
5886216786459884633673183115241824679217257232686492474346938686785267973215663225962275136112765514
8698464719413594724752813793347914372633617531413361822362636427749466114853773642927355866369537923
7672879345477116774799619755734846111959338334348767133558947751776179141883689298477665581453841548
9449154621348692874124568666146692325322691144364521517866259259628754257446141335973158823799271322
9792697127149761157584982586453875238228299573785136134937417329212214324592799686584319327773839779
7917432728963776225399883685531725968311992942994621866428186539683967726834377296738852523391476968
1447788841278627818294545311882522148622286477964744855666249235841235546468914881769173887313894725
6988883146896945196198745462273793429479721292469765363228233639738189829687256984186724827725152934
1527412683663137925375594179626483968331563534446495937558439765632947687343387393329943897722894995
1385541246712728668711712638296755714538519726379493121948451797617593599928347639163252382455394527
5955322438672797533547533714156774128545523981567646943698584525618282727671822384871345958374424241
1854778572596724922662455742254659865354798115688894276518149136118688315979891742943829729645986255
2711281531463899986693947496431561132748486813964154985184158189171866897334427845795812791964253148
6751525587329113996627989525465862934525759148372385951768565973297669522152346851853698526366253662
5175626524813261596688953353184377638366775789959288737853797525168926528675495336882864531559389476
5749495389157925892961127721437485747122624812555824622138222612939493526769468171241819212468769269
9698859829674792527878991867739427759689935161942437318814953753816331411648687235436522329696555548
8479649399125917456247714776245679646317835615834377725194594872773874454685612366954931897279892473
2985515582851351868297159194996397976153311963665897469335236653713726189444987284631321948255253829
4572356841598774991578425616389114886457827639399342387873212777439232428716484299648488917433886741
8969391755826858169338491665325951953713868732637249956871311722818842972163125377164894995375643378
8641986158449492641484975432379577199923793688229937519352896398939811883856475115221642557247548516
3655485153191233198261589211959713879324565799635753377499848458685985248595228727421764758245773113
7865359625425114221689888288449975769615679242773411724425514719461243449944142641278557146949283332
3516747989783125847862462767261956421125971279613369415153432571759538589835392249546294712878595422
9824651144177823688199298312985282359466448542287247353686353179667789545894822679749262198356526576
4386979252538371614155142657673667551258319162119671119955824868133411782819742722182968724375249327
3136688897182424548423584124382641587258715774941587372273476629764956985846998999987594182153884355
9388945439492242919899587247766199177693252464867995985949952671857781327477131196249462574188377564
2181376667599567528837389491372664493624983927497455149576684817233718878157195175687215147681112125
2239872976324693857595158878251472622334899495313138743377529194899677225468284264365285597237279376
2131177622955577216363282566852729518924714676287237241119397572332628247939319696927531799861286185
7358833287769857989444457675354818974882534715721685864284942348136814467459761966128211191992156447
9668332642585878281281134568743128642721437727373235941542226635482979135948399231629432563712581763
8684195353676293218364827664389855428245669921759553197949816772841998693477515578386543768119391132
4744261969595735466754765292534443281755771383597994827411315869177262432267813921959773795362629582
8788975293762638212232427918249133736653242383325981557494675771422512599169231959362732329928219777
1286786625286541171143996362263182366585962433532254682234938927251867394354783232139813274671436535
5335455411915329457343631116411927164417478837141691211635526821332938647563916181237678816599614558
6542167214124925421938692915455338122117439424958245557832225565616942761124574725542798791122686884
6996785692334916864155368516839333452129812881833772263296378494515194874886387633231852915961434344
4835992879528745931251546813879818468969787868245712935958524137582222696845781487589557853139252351
9289273636374541621431612284213251742664243667844946115619641487578617958149671813247857563251727163
7616981525362244652578819995345472828628236258864216365789833277929327885826159544837987761455537268
4151489841793767193634296442972219496274165784321348451135457466571921934618968896788525517945466283
1293871955996255497953117126876669997985482716475191149676541873648756953217849251575435949587724289
3248959456694638415612771123983499551818638395566996385839515919649637813228852996269687749811778728
1456264974124822849351249742245973386144957161196499667594397664514994242626447768875584946551141726
4486246214569475741359511684637113415516319366286972291519966329541159827116623665547751764141336723
2487549948131377516997532261276491612996695744465441477528266523828513212934526376614138552933169213
2774928145175586341363577318142766191356324562623921996417733876483548186487165748176596787645517686
2156693531383288266677324337796657395791465758673235598495362158554664329761256547795652655244647194
2488531612227565962984841875928947569837943684118595594596786262496897859548743259669141811184221997
5838244662882942559263275834894157267279621428465849529716869581253745296517137496499954611272292122
