9 100 9
7887552344225472238859575932968488546818134597834756437746331666167162512214843615415342822869844211
6356834284542773447181642515561943619367128994695984225158948155252175829729824964141918873924883986
7741718426525577294871141324987537576959225182371271798122697649864361518256558789668926735726584844
7831413774232479653494233784793758261432777837745573282244816955153374433125395147382159422139699833
7387322682121284679796154511172736375975196183923917874751838426975525774415527679198615716947729478
6383473579343971451351995763876291677816959227645431355756137797376264925997751336318592124682958723
2557145878143137545324565274344316759418485961986398276933295739292866996397733773357713197556321491
2645176515226171153247491914163678499293237176196915359329135928997946799771153149595279439159534888
3587913629859827591873185656147832655525962544752567581292458399198821867345888321199589694811785232
9847659414152844923612448654435794511716969514834416826795978511438973224621581125626846138966662461
6211974189957448319399248227361727276963699164494982927813314691946762532121733353828975328829586878
9713714324224728745394276325479176393125921671296732729651683558699443566743315344517855654525436195
8786532526655722267164852264197875411269866863514695585529292199511669454937382852739747975687829713
2376643167837648348625419374229438236115987493168575243269117625959614261419659353666621971168379277
4777731369479686711576946635329644868629514284464795125833212956857855958957469735733614916173745935
7544653629111622555964417554329135528235371479889399129566632692925974117213712935813284964847316484
9371768194524714315716219186524835319132192284982864547634586414592549536185135632415125468482231913
3248457777819914588997923934821313886842679469117265751136733314489189936887125446465264131483331835
1851372562784962257128661237721426126461711473844673456799815363425595739777771122949923338489417463
2632722867364129667465951734799571394864294661544267929288464211768637584565765977753919564524985647
4644538457673477473146219582567373159634487642422373975468427199891862663253881912697884739595394858
2659841654721882189199829236962223698644463961895466736953743524923964527148993539738549982399613455
9341431761938331449133441179424195919846346141964777135325856756953966953692746693822841933945982523
4256863785649979165751395685281631388838191636182742981988922747174334969715826355475763289388674919
1843335873828277999699394764477828827956719528366666282421722789337577137189212539497664218944529153
6867418796958892181639281578715591589133159362161245789312155953616564315348768525617592361736231638
5979547326532526181228497828461941835493514947587373882144524672525241443876214376627772353634334755
3349648742367184712699456197823992616352584627714845639683331561323228556881876273735118818693844282
5777771268315598226847445951224474813449772733279348232353194534915231962373631368292652223443599151
8183481921159669963561494253669559476458179342712917886232728936712125993852389852434581131172836229
2817417313765118462237874962523138516764683969767495373963117911416849769143885936616614473859713472
1188489219452556151845128329642146661941184725476375734454538619761366534757636789786531536174315351
6561241695683199714377725696746118512249896986214756817542814672131147384115934414939361422791748689
4151546262287251725469873981252345148689116378147664493519759539551612974288688879752796166464265748
2827882781751765122327248112398722834364919194976899951248557433753438866517456449597364413385761119
7179495113682294239269122673178277858387616516715573761597934733183543265716114716739812254763293719
8429427371586198329135831143365693793445433563729343354415642735894669215741567553459545245997624683
2268952977659875939919112551599666181861692878766144729977346369719418371368873928898263423287667494
3749886915518566686151977893155512216559317922889677657465337688358295535325428866746935639745584593
7429366572263779533851585722328986968292995237468545893391251146971631593398756977918433179337131448
4338689499446797736649222496887445272288936726428583347852315893762393847625963739533358337214671173
1766812916344718627711368863798946168787425889964881727536591485658964481946799721459458366337229676
7351543264552382623932722833747225462141159581137371453294344574591889596684493226425731522939352642
6914234334545712162223416122125544456491149482965235832455969764134889593327345716327256664837784132
4389331711147411754753535689437695176944742697248338697717448128647946499756391366531935571555465691
1423842177544823178494862238537586786438913332418976536757186475675453348323835191749359725422815258
1718456116697135378655757375852267649536833777449479528522667499127837519264754513572129943647562466
6978165522596218446134237192461899916787783949538118168942199355338282529679882793636548155742738999
1986173419854346819748779546295842877347742477336452547936123425523664864871642222117366366158474578
1755543339464712868678638687383955616248244563325411813494362699199966164458714139642217716563119227
6887546266927155621756926971873487751595716867182291423646892787517748956146581866157324394639962513
2425619388142867813236421738871645358476599318987617991841255262354331721425153773485469927721182998
9886463463484695651148414399164866314666564227178696722661872153598515786234183392412279262791592514
7594635833217636384859395585599923287582818822643286461411732713986237327676534711914641888597789673
2618784264285757544315947893835911942123546815597116828879674186774269182565794718512199791388196987
2265471344887351954288459167664651764181284439732139415598613581874561688595464935473346427775891162
1626922549913628899312117219526317937834872431478512268833516771616534372515867719669653968286156234
9762922655689143521142384465391222514599491247714534916871535221855162571313128667534512637697872868
8424187446652896327528983292488727915173631173186721322691922462868629482692734383835215937463466871
5647596685914129694468519717459133141548713337856728599523148611825461348645443662155299696725349562
2939894325936888734499874377476669933647692182797897356952488687724253688329649547896676544685218246
2447412822292932483947271839517699359828661598426191919478846528796263769146181719366324393667565991
9773518557596991441717311783555414174714132133124416215851324196316753666223614231469882323864681315
8112992616552918656743672199833214552595486841634253499316873873881115985662684879294257723616831871
8672686929777593664471129993817548284317126686494915498194547192426147855233545586838773424664619194
7847372733166374418162935752263563954666952887915526234777796895831191218885377272378824954421135564
1161224285843957757976221115529734916645345881186935757885658925855854677221817515373222238494923845
1819867986797829657611641878177398746115189868529318344814396465118773962711457789856581216856187262
5133875322584291628485689846647582726447381141254533126316845174954243543559144783285811361577931532
6258939415293636348617449414659378982318656938862814173419679363799852448352339329546695431184163858
2998139672269328811897272127928666671517174261428722157564269318184955771599824136784375225121897134
7792493974354287153248639536833962533228728731511882882351146133514746946785816962848769457143143927
9966144921725551244228494871377658776451189542399312665715757219438442617543512926182397154379983562
4519143233578965733669199914459284163599833558473333511219666392784252639291114623882154549628466718
6441369687166941695792933362152615414838126994214999319654187765811175143445268277687123766867455981
7878848325538637117526118959761651595781133768661625238552578743939833191997223944834736848619938626
7322743277298154953359749243225948584635786681871544978978897544742545219296255742413245327472396931
7293221146534792324982221822972848978754851555987273736628747216816495574693813338159878184234749643
6911544893591459419955489677951789348872454615624215648832121274991184788966286593673356878456989678
9141247578494175894883169463979243958347456953434654223332561934599435472618947194339837694697112488
9133287914925326534311618923667714368982432452291648575829186457529124149359336388565277489511988842
2867247953334583677574717283768555534776788193397667892519284469998387822918359846917972286698357894
7781611648239778959844211979217783551944845867915493931147125591318624938581882458468822785698329763
8498798911311634497212297773835872232668948444387125662819176617224332941897814364459477221856496419
4573928168525117376297557553615886423636632728763865827293363647359459692793974164116636494881244535
5482682353795999668687898918714975674463518277214622878151432936572814982125259413439851668773765828
5913855427652564275453899461672421263685159321416457257864548592618718652379163467354172752317417725
9878372768579922151289942249532653263489857542322465344418452323388792984914954245962181523124143454
2319846926313539284173517114811945977129858779624942918545972269216671189745555467682918267924558266
1329125595498276447837493628688241636686483744143899346589481534697932627543574789959796925437543888
2128834997167339818245116594561169261116499374863519281338354622373165472217792128847398827918571548
3287817729796531583594518917111126479962395363957734164661742219211154659161474341626552736136677973
3875962368672173851733249586222697493925195695117558627296638798754912478387651436111161341522193829
6591581292572455644663183419721824376368385165798512499538195975613558682474916354928346932534756486
1838319299213396778565159847978458181297141759547365892444687267277421688636879283945192183372597776
4716345354346732454522189752397841953186254912518638813789846837623448519229883335882619847167149643
3445817439184671526336181176479688598536738776424337328922179769526864687874967444938326338695666514
6515427469376981677333825943978194563369724381962671293584763457316555782486592224127113397589946449
4621388581637169596254935599671947864758994792438959416518633445781619363832133686221174379143556249
4316992952765393918357529741258488523913737224898476655273514596736741456296535283292815467759786361
