41 100 9
9282419461744976865314677957788121836187188569576758526421983524733249467492983197524273342663742837
8273664996517191986576539725296814353647851183658325194151372136778155765887578589478433119112664718
3318141454659271394262928649949264224898852413635714671287588424629157289228176467394627458838529585
9386885928632385367243366185838769519363614453628164938755832617569671187792897359529198677442515373
7822465964215962869233966193343529796512459241696442138397919485647588171454341363844388564113778281
6385813389872855188633676848266687133284818144136793675781892444269242822277612468577489488964861985
2122452748873735873496413459392985331181777366968362163887536689271995955185528197542315216775883321
1623735839516355953973886353299267795835176462199449716275123127229369778466973981697169817429374243
6628463253418177355847319419486816565524224928224779339452574479483736888942232171547153933782959863
4126193425725578741638184586911119934546275621126727269119585358534979434531444778135983634364634551
5355868666228524251536771328469574336227724685837264997953713541115677664111858363285413254732899653
6849292327716891256531168614427438682978675171575411864274833958571263511448627124661927667986297217
2281925855489389874581839359711311589335956883437865762727389838286558315181411592888183667217879926
5321282529986441535883311299623526327774798454852539255617882164424266263288547772419783938859439139
4643362517334914749456974864189644483827286148712838316591847924431329442336116244556833737848921795
1941167128634449865883156825929421953213877329632426778873372381272436243557988363222657428922274435
7733378148625223744385445785485613387911764574551235567311854294975961674635683366837154891525721392
5459636575629845662763591421195962558681886811694742915872154845362263472393532422595575116276785532
7468474931915963959375929884711774123253487531233281644589826236479718224523814263614949286838437581
2864252672961648979141568544312465552858373544735145135166279126859344239788985158426422428612833372
4711369829764225271684378738736724328733311841264498188228466621978887568226145866786293992349437462
6219638538845549113884216483846477876393546644345696996675173665415264785767965791666419479439334537
7884787749751882447744722199374648861495985291277552715131344883272219156129451164782874323357122542
5513225886625195179399139692799345826629617326853348929667547397241428966886833858982922421943149297
9631443615679433589976715272531321345825832917716368599218748243952216112278232972652969245955869843
1117222439973331522111811191578997259628447814516771359651254693643998493992252428492572194456789547
2517994112485398327347153878668846815272713431173133812769956841457433773283622485725236813197656817
5293982749931214989532279954278749132923915238825915186938578796681276497193122813326212517289945649
4342421389583499187664484137399729167638836284117146451581546172879794632219879164562913594424368145
6745321521161452867257461577198597818579383876685891363652466545124662453714438791662411362611116775
2795736537726112768298898638795423321936488124762684823877522177978895683234225478749298183889544838
3294546595436885983969696362475777568166568252734924838523351837561926189614333533697832258829335551
2185781225612968473421571472834693335157234263168526588752841146792291975727436552471646337962289781
2446296115889265425345185315681684962359157328723762359831377919748925579886731753964977531613685598
1958595311655761476682415911617543568998518824269479372782589327379259686866864124419757289469244379
8899691758939677958523517262565439276927271437355293631279785512488655935127296752758875643443615611
2622337152639492161237528531654973145115649924956682563665744659815272262979298543994139754823361184
9226123664522983849471638924718545449619523233628256518334782545943299912574961766398187743534895223
4737177762878713279713557646631997168977696586676269827146282841732982136762365596448287181478869567
6871883931839176787885477639436311851674588812746751216459633889735326944785556165386395949344338465
1947897216774368636687734846115736118589862668531172232138553494415262453661621437344216372776799338
8588168836219311822526214139968733236461549784974176674251353729745464212246269696136167949723179929
6362586892634799819499218925146875376944185864711547678862712572523156171991223111973648243992939594
6536929372925362675988136123681147761223718991256571632891959376262154559818698839741835448622281183
7534853456283284382193151965993635644316988725741284275442761664827659834865644731544234826284978593
9658916224513539538316842623549582155945777417899492947855578746369836531177358174149228217159434713
1114331187215341943199562631333161785773582715125499139285277816217251664863374697911295391661613859
6271314625821677763774153575661519879974794796492666794133377923292271415633246474327162273384581923
4427136822363363881265166591483187449183216634581742393956375512797413922782487663359654516718847124
8772265492219314266536138653485255337974265145295819166316688671857414286946923189759393232717324311
6322898537897148118144267649772758717864274499281476994485385899595675623919638941391335394162786117
2234319464652281897516726294645686868734548154999496262191227238474158535738742546518567952169624879
9377712343996446161859455467374121815816631827816693439758336147454213944593369935751722636432122859
1441478482398182277699796681537412126537458867154548192995597711376748386484147255934363358451278933
1145573116259218853284188957847951864477935439651797487341296668282849445819217126587164555432493823
9492778627144549483732225893467529589325515743837949761439862514847651154217383272791121681617725725
5931658427233821197384137564836457242312626899997581575229117199889638628326796976777713659379585729
1428731441319481399924273638663336572838577531637739944149999546272548112783722322942253855493888583
9375687392754173819334246868211282157851688243624343245396139459337171415692891559274126159437148159
3278928687235727687446692919764791466195543234577363524138511994539533688431935555197691513593249783
7269854382791537536595343914682419363773533843824353345864292734479821321279956913629865968299348335
9459747313357571386834864129787397169249991968761853549113485781624925951384515191418623799424652968
6896895799386617388881429333768778426235988343535735952518298358467813831644729828676715317229282383
2256964895483414196923893458531766471752781426151231939232889145777998951882991486846132421712697573
6972339467867167822575483428459373886833745951198462944911161688122419119365315166624214213698532411
4187219665722666755671351834571936942853669111964252932425597988251571817858192597413255794521131721
3192986914171621892578961935865976397441732995143448333575972949746178765347261952154371831274574233
9344918722738834582342946931134637264285657737377369336527827437333226926668425148736449464127592812
4328649976368966374283357466743592699772621341299387525279931816172368973296443147856211453516464566
2674772854174598482135376356957859335112438181277273464847484755888498783338394518679728858386215758
6696628284213933825655546857613241743121836226625381525391543749135588333376144399722147716788427474
8293388118861874146723633728958785592463712977154265588447434215857378898489877751335442942593529227
8928666143157156484692665859592433397429912418971783793357885984217343593399468192729893583438176888
8954957945266719344577584293148624967534787942794216684779157346746432631874786475235288822975694375
2764792828792399215262328221215954727486432269925849952525412294273853936885949197526653329171547411
2864421845261529373753726296753825433552326715652155489381395218424129597644776376483695642673158964
7154874166895961327595656241188377281339795375866675529792482171514135779819729659143969298736769638
2347163432777755358554812251867829861991924183967855131556959157496972891927252842535773694223211776
5791342134763474356211768222329265917115581622145626415278967375217723393391844976187947679452311174
8842533328346338778972877546963888784292746577945797348548536426716561354299697272915781935768243773
6936397797583675492367825175421641739134239912768889681639472357696382322887853688358351699233227598
5215238519556533258312746387855989595141625863321722853982212643262981512436438716124492668863726616
6685244466851418311852665291768836253641498966166265386726689914722995439926514478644466284561779911
2292994832768959833413581269837545373933259762729187682236964621658889463337315286348923918868165495
2962647256757959992167967369674258585367513168925237491223595157985152826271354912267715552334815364
5795671595722948859476394264838725859178972339723242286762834663839649761359335917527469558616743787
9664628783387359561944989324697519257371271393752721168332563626543762572699184324138418195824418637
2644484127896295815784929455195785839911361381835392573625517831937278184813945968667524514471234861
2313975352897641472761233217591855645958825479339978462933444823991715488865718132312539836298311279
5584587153828848756875957156518555938114477856749285157887428582836944479321531162783885768475312475
6326782327443559121475971268893852514846765229852712953587894338327991254344856738553537559363357417
4162282634538759214383526298362839379886239526376111959497599733251938145998334242254935519653348411
9974397828698844794734147968655964546746722554725299229185941382813338767952467777274695281996875863
1999846827954156948558316921813628524892766167126194128426941895377415453392169177679979944598182355
2923945113412679676213496195128677189935511743455674466254749359648878566296339793749231298371154135
7651616221667783546616372474991868762733187271765924272355712119396829449765782776183348196888779521
6468352215675639214225394835188685565745492171359846363516722113267786941773221483792266483641575133
4138317194296648936359969498698786582222129892623448259155777187496223653712939677163352848456292396
4464992459223938983544658421695299421379744828653479883273387284676287227485816653463867639814583118
1951983576913958226731163559437364122748385345616911939856278226679391764582556945477157567237758862
