14 100 9
6542546633852397929618653251613548781771958624987586556597884792892254262366219357997817321455331929
8424693245248977928948317688778513565674668731251358146447839421822169265493272369721288878442447531
6555621826835443977511998217982251589988521514373431279926913786479768619454755845566332187515153436
6214661195762763447484357683264381339581627816214445148789727774129184657178237981749423837661388843
5459399493797474523641136139828194245375631712893284464197827282493671893491837368886371494335639634
3786877278613279385399279446713266956768415817988488678822624521815981726438147239629624623652494717
4468748896585344493727227994426837632358698737235679526696656511779319255827481597873114559432486631
7981486255456311741775523358789745214555458995887757928373663397412297752579595538242427226347859382
4488991832974659989466851652878871578644878465889522545785729915736268644771667358462321861749547864
1171936243621156915948644255493669886931244786254556676884937969546153437421447382731285881866284295
6473912332574621149352254427493433385444527428595644595683876681157251446145147828773865471854623862
5843722841734727691769199678339999684327953773649135824211969251111611543188717135967141782723993528
5499611129122443575738775124142179566365878122329257988924239158173561176351746613728884637646788637
5915292155684474571737976974747734983681966647597499138228198598254587412423414716589325299624676963
9353139728216241591586654823936615296979122376992379921334932738767756734329238867527267563279885454
2443961297398566574115819482276465191829136976448347531551736391527181163887811952358316323687163358
7852218777999167647243567492539978383165992818741546414655645143193624647261562921918382638326172436
3216553631612163317167762162376234279954241961465895726443577779535226275189278798125277245561355817
3567181141324966243259237228572479867696357757223837526563795958617757471269421561189356633412139486
6365785452713417218155497728927939627193547778926876922617299312229134799898184469876269674733657327
8187286435884865176295986351943519334341586795425585849477784671227515251782416484859213312455642928
8748245716329622983483618646964983443269384164766963566518922439676528559825715232889892285423488276
2887991129539159181111353453781264246355415416447635886412364165247599141176558839312412575369414852
9515754644243625479274752798883456634533339694345513124541614273455252978523319583547861276188275424
9268478736621316738484268767772615148674894176226395416757618375489872529186354818924299665469618432
4498652148992283851455511213913442978321333671774135766898593278667148979373691831664622242619978949
4244619657215838829453364398942768752928251582631152858787261696264118793884957925143448869394432593
4629267318343367413829528465468618137298894599769371148294295263617982553983781628848393869992214657
7799251562941957993364848871439219676477658177531711994846389232649362743121965211433446623161418156
3523666137447224542434168928711312541623984769424332873248358243326739742594557223863916187859694926
8998616752791881793761727565777386937333245234589217472928781474843171578931658334159163776275592586
3424844464727352224752795351666333984856491748471943914675727188369315234468731246773737142227665268
1397327389911898767617891467412424813578369912172837585668997953278966342979412322384921794965419384
6233619916892558747848951717674383835567841481281967317454932264783465292263774349219891727382967931
1415826529146187217411359435863434669824176985813449714511749521942942749266191137537527533845998893
7517251252837493617126434975555969281736548255798399236171554739731961928949255925856535825454963294
2759932666778251377882733477293663687329975612584618557719831379479795998169881656156592718928455445
8774488669823863774134742296965844942985815817749693783117723196753128798194665785675828543562476199
3322926125622516935463772468725348479246425752453388537531872171612872749352368794171349276641619927
8668693568835317621443367136821168214326476968457131943841129897269799681291637333559141914323766811
5135658483872978555719753967139541798349942641443493869169468846613816129571764878828939457124613929
3312343866474392926998712425193871345643923819821873987798271969226697856855498866396992875191452919
2959288518317529288526499916565565452953974867773298691921177848491345893975747113374544454625648554
9264682427223529636441787139772733814989814797461632722993181357932717572959939963972918685239366121
8267564497676984934927626514968913446931775957425597529715291865581449237971627625865715289832927793
7139878558155671526189856983559137118864754631493357396296228388681972516611275488491975464292476561
9965188513746178868454951449417643634572488621924578819518854923152231996451974468453619849877846789
5878692948761964566191935625389221622259157323669527415247943554148321638627323926959981157326451651
2837283641469118652933719432927965714725779827372648339876584979924944413722429327197419732838397932
1426839392662431687951959695959239887676588619396959483719148256651623189432515817365219516824659139
7852273892967189443639429698647542173266396947648558575314426314282223821994987417232721533752851321
8926749623934651135918915535148172398562813932245458643513353327179628147343638195922165698277542259
3226257812154859987113958584456882511889325694455573864784619633588597892553733928533113588368197974
4862672931839625925268635885166185919733899637515318413956597886596127572675333933129524336835252974
1486444458777459749174723545349365953882597372547295491513553644336178217614313479961235518357989814
1317186842697215258662529911321925937724839167412355443129358572194981153166569981874676454624937581
7383831844361925797956426649238294837544793864489552488355344283198328375276366361729425528299758926
5181756466757378359912955837394761531715784129619336332293889185639367788984398199561364486926727925
3965571237243685158561739639732368294126184637331165123118751358178941693877327883496665843128419437
1112193234223516864839987252458556268527257253899134347855417789878294774782526548143256332972711983
1566948665616793442995595631687931587485918449469748873584523844617775957225768944988744759392588117
7437186492965178264671944729429328264861769195713191774317735212577519737598352895396521265266355291
9116881946646821944866956926492836499859427772896183367567526612524241655366337924542744948155253737
9477147632865593524982539429583863928349659646593468762239389619944727764499777471735939883453157787
8797848255347298923885378459556318846873584386813995277691263736247322164955553954713484726694933592
7376956147281367897285692781721351912249663473841184366597895951174952383112228943188456579835328819
9269137463996636787788171565549951362241152663224795276158738163111357337564482143986132875153234852
5212936934483122171412742676935328115417512213554647774888985473842995777294541823266694975357554886
5591681913451126744259586732673172144848495942739247313213129231941982273868869243138864734731787193
1619814762483388652868924626881143243798817537288834482294919926479833392759464242629488952719293893
8333275797775869154239688875859765764814588138735487361824598221573646633979492485729295379769651433
9229337544815633225273733865794568877722636192735943517769778165815529224545331988779347941999757538
4434746383396486298577419859372454187935482915394661264872492369325363852196741633173985622413873864
6112511925919461937978961712932298526589253118233289754848129941895115372192123618144829481467825663
5154663797591332682516178235751319925827492516879771845359224983172778541453143463295896951572994443
5428648741588858684846168451451792895275497781282431898999856746127231763595398194792927879823541842
1866678911627524521838969572492699499548622393269861552761264973565231791675418153357563719473724131
8867138339743523153342411328158251453996948757154946746299958697323375844142222542684483354577568618
2544513487731313818552186166114235179117497735222893739775873539735381923392797526288352585824481472
2215813737361181813916978223887275823257466479911158974356538639722941655883452587935233512136348951
6759216898785367915189255196721561284792624266159146426874193151925883621914382636717988592185273825
4465154216948322133153913414857344939197428156458326619588313344154222627214938742295215973957122452
9478811993144128396125767633977364628761572639242295483785517723254539931822675245761483852947644533
1595836782543443379519496441399291969438194782185745574856874827713385554569444884533787546236517423
5753148721388776564868831165891215248897883327179697573314267787547215286147953113162717543568279751
4974631792678199825323337438639163729222311967373191854131456589556387157538412967329786787711877553
3741433195124995531942792627746912375972791278845311151437427521299227353652398577481222548243487591
6322824928893991585752819653752585377482133447755935523953565199426239828695546666246718543873135856
6145344153495364443293579785717775172328153775375198332826596829229362623641896977179858692688984557
7131837463524214756219252555532114198455984423325178794544526666677743276794517954818497337468167354
5793198973597614678877191678489462244495767999248576423345244532682144232277352458953524877433625669
9853379474521344638235665695265136774726595359194412888927681632613217498548343585419385768149767453
4199379963529426882513576694949349438788913288317426284867421432959778965693481848556824794887429126
3221464499997276435628283432599318913986626466698514879554976412167628838452216332291736341457352315
5795623525438519438114747287927417457472411356693832678559411789783634541856686518346265221238563257
4491569419691186931417616474312651267274316386634956288187171768491297117857772586162962989368327718
1119662934892981333133783647283423318558319971778429898541597583938566763811832228194934417124441952
5413656734559569149858281454791151892541856896963729653343267143577784494931637664245241194344867977
5957644266374717836622951693345711967887275462861279562725436254589876596182691226479415949224257814
7177333759698557161176576512949998953481624191524529593186537893157652477394128649473326933267872123
