49 100 9
8399244954444146969519156793945653259838184175459276569146999316161323518518814397422915529581255721
7377554999558429193943697515422972613286349945379634234475571488824152652816336674423718458714989361
8481369779225561862976342383374238859696289337327147638382996813588627354476223666536184653262889227
5196878883175178723913383449681912284513919491795893195118874912682828166838981539762962451493161952
2143316669445617942134617582727593497532495196955869155754458143541152483244115712813345593787157597
7445895166735819635189221976951446274731395553358842329677731541758568348547852358166614118659357584
1118681239217762918867816234185281129852268449831549376285664239468687492659871255794551692382951867
5244881162454953692597174317748159642453149818544795352434284261554677536295758899736338333747412963
1617619918197855515624153935623981348334379921561784997694847391982742971986447857357369319617886946
8542367921443113794262865671478439763829612158253231627567897471136462227883267711652471144211956711
6598671925812839433625194388664982813727176439855971843975514741895523723754272829873557897799543351
1816218883598123334467821868631149121573921519541418723171784792931846919337836669458546413933985996
6242619597441491194196687538781197816575546596462978479735855247911158326346296569267669424988739333
3314589932434224587268226816598852883369618623572593547916693468135398682715453785366731934171289359
3588952557711112619243598661759353642576161162473445496389116615327428195215468589431453589932965125
1643285624671551126487135725199997568646745251855511132796781458412253732626598742972157979241574415
3816763546433557612859261835556648872132679825313676922773192341234535411537411422119973632121742857
3593966658365896253145796554189545477756582556912875866848664826484194851955188487971125214543715187
8512292495795379375615642322167387453848953195392424233867413681379637931929962669856444632163646859
9755524525854974557982296798292279777989218168468236139632338855788425763364544563228476333872287858
4144631899735919952752212185154215227339867113328211213954615771445188576814619349496916427242132616
1792517869847278755737767765481963611347575556845856455672648668274199853535114426722537582636192815
7645127352777936337172148375135283631737426623491134596188944984857368552521276922978188219135864922
9469358145312436667696227545459272114955665815334767335119476378988857826129412519588384258988976829
5737458886768637484212427978631464189238112838834464588687145339792172894817482236443351388784987244
6492112499888621187494448758971273616867511234193454155648239825621914658271139466214298736893243874
8428469952175177133414219765166478144292482842415336285517898639585691329929544223419297485372791288
1779413558159562813411611359274944773154325357542578949219346244132394831916143759871984515427471969
7994419524932386361679745868942488862888271858666761725277579139663627612979953914179689443834253246
5838927979147145746124486936364431952154155729959783581481261847452595268376864834655193544944817526
1565458535846343231662428248819359796722928487612122921319876497828849534289727457166773568463424925
9677791788973276526391768344347141794922923184579685813496588638997458239939713986866317751987219665
9176352265288573813554546764141278575273592237955722667161821965192556339856476491852987417435298437
9368177721961347771118489474339372145262167895633687156274774566246599575626387221345647643574945361
4463517684569261871864565562814627317667482221266197918574625549958752939322234719635246447219247151
2117286776126257216351255395971683659831461447268166214118222613888229173135966636781884947444138921
7878424961116233293962231929548525826912482257563688539939429697989146435657359866124231399365329416
2441637493447857368715485361736775537692892541197357663764611848446397558866366865323461432769232637
9556563934249958267526244926775328199773984227732515741148543718244824387421695318115218781188369931
2814361648478875431921139421553757478271249819315254769898876499749237569866867747762931242933238951
7877243515797524782331834373133361956579536268151381593699128984496942442323647436472369559829258247
8418193798557571879427586357829799474845812439438783889188451494484957487532375955737211759375521442
9775558667891281561595761976497367629552519952292418412982869489228767213124427857114416641881298288
5673282131852287933644497184246245874812969488678786228169761723565354761289669616546843545562694471
3575598117196145961974248399949649512775342252177551279745759123416121933517949265667161588124517634
9696749418735325999562195393182659126846578777799155747132118432971437821387713747489178678395747286
3496238352118243937711666289567263258788898237151223881346257412592179129731563177578547284412891484
4293378536368541387673777667726622371574347838682124445218666738238651699469156735552296742457235496
5855177479448317648237163599275526571362967696432568246878966492181663392938572731694839351774873926
1716354235439749366453716856485775832876985769876169975793922549667699964154786521276718447582985974
4777389653831326943441743763146432866812296498335616882897268824642894784481731674298838685831819882
8317244489671676991112731469726354544258151321958492294231247717117488565837176578119327834871282852
4328366675596248591225956813522532443272954563736773133958194868891927216675335635453433912725538798
6816698285925447628961233173324448421966669424916841691168299247415929951436797574239428772898122269
5357792231625278224534373426949788643685511364214326432585222245916144353218853831494528877759361719
5499622121179332246974382543723397524997771994394318429819216653552246665158255821633593399797776465
5592954488878781741492483424285329397381595197399658535427558525274285766865474264238741645826938931
1998222728136641282274872564816919295438198256111896834537576611775993118269931899545694368626595695
1982424769639454793267696221435619976179627244645236132569112216637432517624779266545387286812897553
8522116461864869722657573724932812953589952225831367815439391812415149823794974945793396558862626865
9445417822568947798955525743946854623522543471979513561814829673383621831775693782838241543847152765
5864844781256819331139145671844744993269685182697493932866745928889295593584622256585746873559853119
7195356764866542188821179951844762196721241197653838243792347467429845343478336733593648611338268376
1574575644816788747514196955171625286739151539317948829867853521537314194131993695534895871566799898
9974215441662347138274349766347867122432397516966165825213278646315235712935129234695227979324414512
5394362333169439441211481429835491278782922733372735725169661364127939271996667837419714342623292824
5681478333431419493665981619286594925344635481399259773143737874452691637576479343639255834752593549
5622145684275583867466179158122754466729164887694938473162321592269738275325335448233286116277822398
2441655115611828279455495536285476376821112516565231516912844354222326899395322732353751856755442221
8693435971966556169578459553153631983419578817632938251251949896425113615494946224729684767624837249
9948217633974192223119163668715484272666476499135345665643974686815292243228598943481137422372363812
3236514594137279737173628429767527782157513678525634314595526786976891341434381124974721397972667487
3386827924984567936522479256798678699578867972319259571843376883375646513619846543947318473771727189
1268441627512647947393273261827715861153378729652814382779229136858775435782169949557299131677198482
1788849619495473322812418684115123772118818312848571197521583191655953321712863573341945754276725181
2882353352959435365648966283732851916666985279788371248296886344927653895753529593219489697133445281
1363843447934539312624198899823683943381845769115697857919578441355585815856925282215486925773651418
2121668618626935969845386448286127595838924442819857641471847692532395966639652856952596477532529275
8978789826435124837497416238343634882119551369318925926243882622862326469838268112893768556376617634
9147735661972643588366139119213282113997452564341396472695351675549811686772881183549951388137566757
2376863624386543587279117541478733782239161534427557717387779539239384422499322154118711393828365125
1168411991483357353771146853715211721135681168323979842267281977633435893369826325213361375275622313
4723447833256521966261982352274631634124774589313474912439923512663674829941336228965113734377191919
5591378732144277314568985417624358351683388371569212654365948954995214399354781231546694566186234516
5968578557213466939178993935337927772817361367472896648574826369783856992329883352754492559121245698
1317752367926667537414877851164128596669289462245516194973615968394161934983482659911679152745219789
1435452779212363648254449216169912986487338582558496993278144475471328315671621943575134129381736954
3122662572236258449267575819479679774655436645795397613817415318583333854438992634571812427475886135
1219843286262331613964229327432863515574626779394141589614946981527838924133161273329493227194139612
8787744343556647416168885996862714426329959897713821243542283181385632135135626134781639264933144549
3433777326116992743666781119936915166784593882623868123543948886954631795727985216383766747954414877
4728817567171937377628175489849868532877241176355446864639497643575281866375216474117693532196119951
5484737511537687884243951987424237831955186469593794719433842369176179227262533481329196233931817818
3768418734119712198596642347258517499571376769663266338535888739781937565653295254911525791593675387
5251196189638896495948541538799773569252472578859688154324444126711895395832711813479493793844686665
3644815944999199692354942553168578344377113522996556359547448513712376277991414224271345643529632934
1712996877484985438837889558721171861184845178949714814354311878133948971284491271695333987337521855
5196834268717463946559299877481856124543782712986986722999371752139819721129954664377641642996629968
8651992685573344964311394443745987273833286396643622279486962923372842938676748413162932221519748995
8528972883414451344673938493819282836425134596731117645988672422259424476665679734652795539221352137
