38 100 9
8283621246615232858211699852622469446964791729212812944768733736247132949829875298762389847617144862
7827191483655274774296961438111747628789822629834535795856496359466232489661665635324515476927456341
6874844494692936614891127484287576658257737632353877852191459779293553597124955389261491864239178626
1487372729166725997871742327679313663991443583727298415681189594161884967571349187638794967892619173
4377461286889959356792718156221752417586823637343514185344616784924897499836949285299516142531921325
3463298393448636892441536591872527597857817241286512365229572282942974463875766294151466623295544716
1878985318861768343774736411458284937967579874622328938759477947924547581954177835718487933816259858
8429678645725631967923291622584117146465233492418466949185395895254955824543741654823971814995797389
6875746599284421246619693863959535858241774272657561987621593876576571756924948728226126415357983357
2253964769898513942934246875545772399331882937781462673526925598854155291386567349821693534967254998
9921868329715758496889218861863562185595372246353931263324653298974255528425733445782533865969345791
8998938249346963256154695839888439965754682131255113842417236669162716892185354124129886353419146381
8767591717482482914616286251537919585538488511266355144494836256239859411249163638111581544134568178
2157939429138286225959893561893468151255595436527752768761132734574448421875931214943877544153328995
7773783489542187453867241888566851579894248769842714886768113235624396436428871958627272674915376421
4826795773764917387734557695177282432981935766733126118274792461636144469963746318924823481167751284
3466848725221181517322216367288341814248284525139934326626629599398995593876552215839393216627512366
4416768157318542623534663174918971657262446839175565222679559111236413788619238725661383455695532192
1565464221368492264323882584798943323798881489274844712936265689239427933859565167751766315711497656
5688947848625174789189622324982837555265485364249242793265345145476825355924174511678975295729318973
2179321731844233794725597384429323562484659557878454782296595417522846211534177828237754312951516276
2695575186934722553931561423261625259446425651682369238522576622942478226652172839398461411317638893
8712892826516392381878225168156771678366172484923251615666628995221163234816969358739748334891916631
6583318227456499548366264392495641623421784478942343432959137944391345795795256668873763926768348139
5383191149269295316797188454564145979397857666859453454796291974831258259446493682411864678411556969
1916413963589557663471624739431854772341268132718158258691396268677819736172627579431581114974544311
1518296923646617412447163782769735311862139955694318377736239496259511218413792312996615315614721521
3342276879595457397562222892869618714725147491697532652931966259281987873963731591235251989577315515
7324224177384672732239618367185346225973628225893116952363861443179567435586267984757272934396129193
6384748963981923372761373167467292591998113279265419885519397534882611753533776979256939975117413377
9153674839612484244858436865795117526496572179629691574125877258378445671897194119667652915427154378
2982976968415546923576378899761623293772424684973731826174779744522689917855419956987838654631611529
3482987666631949242339843373598941717947217314471155834859778787239926815199725742458199957881473676
4823812797185862428981286146787448481434461666589381416242872927775775434893269596928481957147727237
6983288791971661297146258211868925417756861919891786772333778795125946869816415391418453898354632972
9475337291833611487531789784683157733739482671499743167614765337214227946134624722195945514916449612
5421642591825582946911942741884976763259399355326376587523755156647159927364443321819652531517784937
6963655885162465212827998744386753948358653937728545235845146535465942248242245686918296413241667982
9439871469596497172113572635492398218974514369663286273425196687524546357659427796241983937212129716
9979228479584897262323494557986121442446777719297954841934719472728122484444298867125521487911927537
8587799331885658461133974383694758891756569422795384153343985661176319319553394193984776883115281939
5375434896279715465276292433245856163187917883896283965427347837175275837843596531396424152776261663
9992571679417758313589288937333276629974939869232169883318536624457397918191223919249494982355417728
8497275768798272476962319692741937195895746988253591238986361483645258454854338218182322622619415582
4961496516788144738144646837565481681981819243722724541335545267299755265556689541671867456583682384
4431764278313727864141499976828917955153775857662795658992455621889877936414987996712984872386564332
4267965486679832328354939288195432462984759727523163232828837744884157886525765156122867764429555969
4558395237538212875134457412876773887359692413484657752884448788173866644455453826632635516648621431
8196465853434847924391635613626776253944294929131878593797128598832447111446599476559561884691423525
5814616921363141869875256854914635975477693673523693761667563523312946697369898491529569345515225941
6278555378753649141278177877755268713896763616452981913165517991228584596387397118961785427858892559
8933994549667243551548169822887442669969785245895546432539695914597217631673695471279483824837963556
3426433365556735185339458343862691679233631964339863583368961886633786639884217336444581339376193693
8488875318649861753813345986284562754951728673377212283516574595996841789344295777773456587418221753
4638329445612415261112916372357453937213165242433446747894254681487716614334816236464131592473864561
5784982792743277272152555327123575328221958995532742169966427459598387975869446249263658373284154219
5698199282566911969961865823628437679313117327732947759558552369914173467796279688181162873243495675
2478277648723418953943186576147432243399919364917886633414231894178413353475396514671959333221314655
7961181552858492299794674872484167861353494543524591117261437958576682466389976151134918586913545876
6485564521375951952756724978251675812413425393869379123111926172185477517622489364781715997685585486
6556291422675191876234985514225388484911952584285936849221526675944158269154753378529379146834373949
4283826866712636364814255531961744694594597134282264598852197845241852327949586473673987368411959741
3382985637673553233683653566536286967484214459557845241758555991856429777792712268487256222436897435
4326527958498574179846666688864744724244158933154956563834462394998337611959591972723656719793619852
1797554199914697737992565417977869744662999241158928146762128135313488854186339464952218363977875256
7945455788834938595684513781911223514492537612181436169427995347572956679147457361729447277463825263
2349724146988256759172176844448957118898172382963889132393492131179261726826723226461715815245828214
6443174356964267553938731296222283254244656299226118481562956427847384286777474622822795397148295589
1535651682161859329861982331262698293421342568734428621136992973639767347492199699435656542456221783
2682998316388745474149851773432221398487328324387828866839419219174899951576162994899131534379535753
6685283938282232486799235379775692821268525223455437364869777135142544487686166984836475963992568573
6449639679888583927479716161129348657556339122798957162561693848252148685734186443491269554832425828
2847394444682531265882865681653977911361244947442229467196828497391143947696996529843699235424452638
9952969674962152632872762923238179229431171499821816484695672327395675857869767874864812233324941149
7151991732935461595546623819617125176227866565512746843355247911844265449661375439186148211791173173
9823818316476478715284568159561754344266781677789775151698418799221847325793463223689949892424422258
3255591372536833145873146365562486456346638287389849981692643665126325731878671666786868588472138659
5942723625737319795185922128946844769917424478383138974642363251212325237263245535844345892342838978
7252384164125364267679593273428598565194169779699282572813534929159952122162668615655336379934158761
2494274722447293121246972843851214337638347152519871592959557779926932775293727647415385286611786348
8729232792152423759476634495143982787181729367252187392795826175828238222569876868989798716983759823
5525999765143167445898944476344343958731514848716321746857151859526736167647843978739588771358651167
5666562119811435265529849546798697587452458267986826146915848348391811561311227566296865157555772357
6771757441884327977918949398671663867129125271216147987241827557219114378531162428749645448415429297
3699322243538193546232446949761485181469241566865455157475183444168813693188985695448613537436151734
7453341689547835431262497345556291665462426647871634814289877296664329964731594762986491513984712831
5112629586318918988672522417532221283524333927681189829215862442967454177137958484577184585984598932
9587827543129179645183464738679322485541317799874621748247216627815123882922146438126463337995252254
3181682144884188235321751363713592442623158759398837653761523349393528669599826659198922375785945456
4249627978344547794256771491785196947184549653297296228397168347644362716393274373796961899117362385
1541819742158464347346773654455666521195915494278798286111315882527728775921256243451666911212879556
8677456595272433774277628567525356374675583741863693226478163331439938596688546761153621914485165151
2795588787569831125616467627355964878116974174152499768467423815462249563294372121142341987916687488
8166739211986928649612611571466325975668535351122895724635918591232218215886553713394781531933497274
2632622647341786866344623313892277734211494389999227227441285486463167682628958772965456794749231857
8617231654315122693644229523121722164553238249623199374388743446564479727775176144662155189857596173
2637988581253952347985548333357816997575485589148859684525552424819136628368519957712911478943574545
5177347851541358531224883886471619421417754413536551726526289338752761383899546398622712471832786536
3527131489965522914926695112197946792772379398625937873722773514782277691917572618773621137872351339
7723564844489716241994911439173552728717555325947225169525424398555489449397859921945452796845342347
