12 100 9
9957446451245447883531263373131671842673484718431561316464875354792975452112722142749792518859462845
9562865575719848316572858133524276692764332884516134112585686628519281292764393567415212691489193912
1545222829471882868558274779174786867924394671777824835564499138546883899697452726583667263842729787
1583211465726687626156642177618865557945945312242315565964154771316397796624526392433823614577254467
8392181155954365345238874579981958973476615367533513543359193256727526996565834557629881914511728844
6174883626229676721733543924651715149614897522245934256378964299384237533167899211132676661558182331
5925625776625973176785553463191132745967395782786729297983233852673576452386419598243533963966747796
2647269866622371235638595157133129456871954257571334483594176917176867342292544775331157583982537888
1615627648996189146317119678887918176879749446548257343592793883587739588781142136296982661144369379
2878327384154343297387574654914552542618397689735471515363321187766356419925478965921974728474636629
4318857292868743521784762597495638496886132737817883659176158252296831116998338392637968351494842292
4257726465444987146258599751392612111799879758412794997564897282952351965516244365565385878563356491
4983836168214912913518198237636477585958234245574672694734588843686752974321798319587434997853421329
6719443295936836133647579677735475188182886924899761934766327119847392454929196237537933525635252448
1692848526883111816751291578539341687231249666925942613273919952292311281723634413168351272849932634
7159139672177749153118642327919547349195753485769855877657969373327788742968483485261319581352353961
4799374534577338884521631149991619555313142813425229848589651339626297449694123137235754877528637368
7924867983158679725441661385249418176932446424416694378396745166484981576528187517462182469863959763
1969271481577952153181227162469265541797249592353596899985774384423766125679225199248263432654854546
7215381876826725522713951752448647517621651988878315635227755651151996444492959279119787271328275475
6866556872222611862376133541331267134159796524268519347611546657841533791753288747219216611611577314
8765815841389368388783384399996246226543786616348883512674594467589826898741739349538191713544381852
4244282297135658474961898737523494155943725827984537948312922865878495854779485724923421395495757358
7398583642564459898338472916697316462945235429248598921571139452226681651349352577578419552632437521
1763859588787123775286318487689597962597945248941479355967664511682949333926942859332319274632517468
8948761781459838635757235223362655757183273814862318447896232713278362223891367787261423762145224999
8371788927894482697574159842468343176556733827885949953227815812668149563825375769725814297739358224
3294244286694586871261328848281999141494251355559573278433764838476259576544712526431857631557968255
1525218991877442686412336623856972722224288352289187899686716132591716812538619424277873646972462344
5962126446514295563113781596526575875655815751688852925184876699162186812527584131491271464279623552
7294589186142948575859533845987234334321417884514528168863943484247131127235613643638834612272352279
2891611981242627922429559944518674217737737852948316555845555515947818125378969913518442395186443142
3925577874744594213873237249381137137917399977581172852581152313949672444966641946282151528645949162
7432775316367426912499147216782333463771611572445516969583184448328187442824577435824423591218115496
5749673841924328898527535731761587612565955296841731434471235683151125252591198786753293353446698382
5888589372971244435572833191765925168477866644968559177732897712472587833232166357384677728387475286
1119653422562492819651798865542618742354944453483532757665141636843895722488232231389389821378694577
6566295523422246212846988448979744818391365687588375911924579433277583292158381969994653967131119544
5658258819241744288621888535285934185994925789234437259229688788843453963446759629684946852397845716
2815215983967325536184578282527313186854255244198988812531716382262686772942955691739168671872326346
5424279228695874698678948749367487334842172146316779585184825485912557739828921496182324792344282979
3567221722756672597198928243298961224782386578716418675448335838478577663328734834363299285459162349
1543146128474291222435115413188367857372641163766395532996356554738777571992743418698744436475291958
2582392249677634886795557589292195683556645251145396316544257695313565518121691762256316873546162872
6252378525938817149372935311356371892969284129375425247777574596986344528846868697799835326467818741
6161274683132282552492114942441234587688224861646778759396821453917185877625325747995912329653728142
6277414342196942457914663382822513339937693664562821717623297199766361368512867461327741582657889526
7641295973864253547898955556286326157882212989893151254122216421348374572764916961488732988282364315
2181899831613824335364166187328541846143713439192194863662464479527217574317363826811678788756211687
7465611374668538968189871112459359772448889839837591467869373741642999818635872958845971373438519514
6492614215629887751821395253646644345269677772878917114938663175837422517213678867447326813653578946
8982337375582331328445392761435891553137455232573681873932343647957693674974924493599584198573833196
2322637586296456336337851358898223212999828521897253173468256212149658693279239139969854954317136468
4186869743233549569698793342246876516538289529447163446149135719828928683376457956984514164532453471
4175894869662775475222774517124416914417993969712166676943244588762355979377137918515528243836515476
4152885366941566138292762314986267917345137253536653393484713754925744219741226459568653349199736789
3665955729313872551493947822317466432225421387717432812278267736585367798765153378191774426662579271
5369361617997161415694229455638187284947259594955428763693125469159646875733361755871813951827378424
1523582177625753357484531389127876392967624968747849747436876343654973599368863334469272763512812111
2648834275812965674116222273274317337518365643187296574756288884739133458829136996613514951313669724
3777191465421522853214741221388991541728453421983533912166297176486951278845665896154954296647134722
8579247118317321827691355737225393157346646821477371161678553532974579828411745242169663868198759816
2819412796586518635757525855751812466728432275414776441242433515623812951226218994837192327142527297
3944511677239684167298272574341317239624512829954139578194226449687523696715671744289791635598231645
6732451723287967379968383582198576264599368329981882359599183341261147454114632324272325966253957913
2755735957468873629768644588173681547712779413665822523127364972842762852386358757148512814319467315
5326579614648445412372598253523344994177131854354254564781154869556987592547512628396799292138567927
8381729589778845259997143296913668252654511186568446734742924318385945291834243416432946598782441585
2918735517797471864667278387128341741567491376927345476864481951686113956358155996956187944756625588
2174633883584368873612879688116356392118274845253695657258874415792873373353557123495998573148317951
8179636921261873137549348216898311371817415321962789854394732199172871969739171396336841748416148253
4569619691322274885917383443666861836343295754912855117772221784147119263766689136528538864486468585
2357861445521557585479825325815963626679885257299128615895219895819483726376972986539255879127145698
4629515627485277233634864769745562871146743781931521219469623712927483914646434335152815435581216797
3639699782233359415561316375342495479581636562514281472227193723253356759143553477752857985737915981
2598953745345851126263484159954939176486774729645472999459268518653873221457278758916378775725271675
5369278589193878434437676292952742617743579938294337242664181377768811582755194423918379591611271262
5188923942216388574881191666684498893135125511845825957631163586512458191938524666225457514534288841
4555445199398949742674298963411394573189118822338997226589947631863993872567765934732543112813481975
3685669337513769994619581818262274825146664745562442131457737478791318819836381616693427663657325168
3375887687992528855379983734813613739264561364716593556667593457586679498764854335487168469599381247
6537921261152758374195371962189662288548395789459739622578318969588318972215819863746786672893361232
1949192335682972663593451553769324788446267692184289793799393568691551554774172513672325536538335759
1238662919245343541225929674368787261284334476228792587112696791753431581514795789247135364523878734
9729828926252391727134236825698549938577934361565564964618287664582625958698727468424755769485172296
2815331513748817626845626492463343635527569931842778825233142594972353555263283821432835997917697676
9114577281329767279379485122229875599468679531953592481221958923921299419516646456845341735456686786
1221789892822573356817316443469914959125171898659733886548428115962247856829485181281341249282388234
7264777366442526461939949627527259466912125885989791283474468522424191493265368435123959473951714713
6495872949393878568739771996152253627123523332768483122246191439781627547244624267423876139313583956
8587756412267347367833544134436624426455419485838283322725631566446486897245459337421357264733666221
6694487218369842795592798895485644987552988453941887269634541845799858744568967393185685678589493366
7613425298162577729992353156114489111562665411871398124259849248227699396354286423476948925527593113
3228495235281484298651511663327585671564169726195485261729645696572275233665954121271367388979496161
1484853417698387158877494942464833698941149622946392398686214555293521169181263235466961686865662832
9793684517885416294763262221618549189192961113995839456291356486596811162732456936957684711635816929
1814682686677457495186689879673653675573655578397681899823266439829931266443427537387234822473944964
1599124973476896545846697337375177675911793945522726466928387937894628787844584354195551498486255446
4215314432847845916121286284796691899938639679544978345745292415545293989756257617243865994383123455
4988146855863916542242272356392466326397219613619632521977741968162584799736897536646587617136878164
