22 100 9
6287639225734233372356346685486815311721948638815277975939254571623596997845313118339493768498968437
2794684268293489539744685118854862264582768239283294135821593994597617499724824612622567325317436479
6735724785313636199256497425618842553728435133888289989485844189618244499296634739985975453787894191
6782969262858349184575326914627446297314893563948194346995552774255465551892431888572898996787689969
2437368589921478162636917128618342853485986184799136771512753973522595339497582814288717448188629878
7464854531334729525451938118598966982625684655264544946466719886812234387488348173647964534729595439
4756133346862751977562285845878132175522726835555675611769885651539851214924485162467434674595918848
8465778382461719589843369942728862657214182498672382476469946788352947578689344485194299877425432864
6776575272464863441394566545684766381549736467848193829512211693226388746963189458118772998583897685
4693533159443888967455861222542397724694953114125667134929623282789758438499269466213633321188945467
1339554934774497135892534353796389632161822141327971596761863914275438162815485133944382878139746981
9495773729191633669186586632428789415537814287892339561176994182447466689687255677575454324365993635
3595764333868881198618423985329517653167468984428226994778494523538477861978823528852937883127379248
9569839239395565558183624887832995218171179829563851999985927492658537583475644344997233526573881129
2571152336885854835556567328118523879488525161685197383591422575878434342825562699956989268368114132
8821138748996182934168366483158989778896563324913318952832638692292752133978368255272116981243533426
3899344129775525319439364671963942884832488753191598166592571893545834463861597253496341944966849572
4226396247681869926353225312666541922579957526377855414791281579659177565945364727799444534823645314
7597221683831935532894691968319469228854161385638928917566172488964599381988474922982252821138436824
6234529267611488268316254485571654737282336797831674627389234438194328972661134248372629292672421752
4196674543472568598896498629676226594899953442583315364749594875323446116114393618297716742254727434
9992672131472129952718719246759519765232376811362318151373297526382287235946372248597745688784114221
8538672424571971333261428178398231154444454489148512112638989298578738773277698316219322479178364114
9448793956395452978345898661951482738239759269555277659784869797186562244765579282998158641495322195
5281346263223153325167116569418179264333379541829271296797344353959427476447195979272728545214439356
2397634347284393625531868871174286146674573496385835638791147121368129989335959259947193379425935328
5444833287148613796588254636468933862645675579397242745842594729489226726664337859121312247313677576
3816883195327199456557251212515125271655614711855655179928157185225831796321817552532339622562851545
3884181311765358545783657761566938541266564295537648219815498641858129588154465157327288957357511336
4168463368346124485223513531277963871269965265191734148313989625136764987689465444467471765661336446
9537567861421563238488859995614888356411524979963976464348278938865417127711536199419283215641949836
8895588867185369934966484173248272531981279469248395511987894646369413292642631886642777326465558435
5396453445469637998919287427947177132363557143962974485821464318829327586844983246625971394435853245
4575858875929891787296261276997884426871571972568356568382128484278216156856951699627365214541533638
9718125837674397597184663294583748224674398697479156243121959257684655536386219582432639257868314134
7462799462731912417478356884136344754327352898465147947597479446419379722839947161766389561936986726
4771188485589521383631217111474291744381656227157765439575298658264529979863424874358663592774369726
2862531994729929759352448925188279478237358198713769774316125949197597756562924978188963942216946126
1247659951396531691134516315514318249583354163917987899655362829865312819434566294111484652992472776
7412785151688337176425999979155433872593285862113837771414112192983229343395782566857355459429453128
5672533235948771318433269584135934233661538747248243996326263225773575148146895487813447255834669833
5428974864669849157766462994965822748632225455452114473452652555277952195929545184722138363298662873
6778141851737513724978351792532148513725771521233684249897341147886488748293877764354475815963361699
8815157984442612598258448228434344412597792278433617768972214827552821575197525924687324959768956496
2566422248264263856745987272453892382571359972957829963633545256271724242484648564775627521697771655
2512446214489739746692433929384618522237714262489395547469521887952799599399955348873831989731245841
7858666123335989423434467494685821564472191939713342744635231523422989133168393167374218662832947789
6557841821973831182387196254447563774566412656458318846194177579424194159465789845274133248424818677
4794421441881283279878584148352598244538517639987554534388778953592143979818675921562648329819325643
4214796863293722859431774516871982576342145389898229197647967133516491993613293164396785813746431544
1125658262345685133844954523654216161985163282677587365725258727617784492578831775363767595226921262
8223127995264193424117231829192978646448561869334428868278557145229841123111776136727126936586322841
5853982341616743568346541171315837324566747847131615313544373177884826249337317745392451466646138541
6363117892815484786439517771281112542631274958854968289152874342663861384535231623899941784192581199
7776139839589629143668148999272169754185429741685894782679347126753621272161698193678264112633998737
4185144577164638691956488293816653531164648792946128239524459957914158676817936738273222624325767956
3819556233635385837839636411678574976971662615985572874448932189834573593271136956856318766928787676
7974563483936575849588694318895135685261871363148831636844766363222875699311575173682413739862721991
1621752485442922933644268972515913443945894127696727166545569549453568287164116645762992442641752793
4523398986184363916337346189383735682228547392116659167797167883936499213982411673863313547757944987
5313693998393785551188616442763933519727636324798264326577844852657696286279474228652987712726526676
6383295619518619158129311156392468433215718433876356339564126812939157131277414626512514214893294669
6688935519314612881721987418771668556667779732956363498743147797878996985343737159681347129832663626
9496485583958667142449935628968637354345537558171697272769736356975346318566759298329129271241791343
5127927524529323655126232347441255532463996313248551259968321727419536316673124178957784514432447562
9417348886133889825971311485363262575647666635332611724451677134643196219815234779723772968351161715
3774451546594462735844226794983164555783259827288734817366763146346133596977872965915112464399844539
8312223457366617691458924729937953558526553969678961122343468247652283711882698574547335942237332453
8378365112821686588966738933196493497438369153314234259461625199835321176727637976288778894682421161
5375328251684581143314683622116859942766231532311977325553397267733671235775731421761612619625354535
4671915555692658981168456875835696978932895565311676664818667522421666119644735769999537833273449494
8782599168941481888586932928216238769383848123279221697275637613792652821257324217672144168766653528
2932923843891132898395825695125226849336589147613138285894613291638545119328751423631385855122233772
1388136833931874315884718947937876224783118327756112516418643153979885167912898975981457377586123575
3461688199746441188697686729863939193866281753139914361975799517837892491157695777156655465929175667
3271785242639228927991991746158212596396482185425446718585849691575122933417548917478433994313387574
5384812548827277377968378568595791367446513352316123654736681572297377792285261372898272394857996484
5344872548492931536576356689282435143698887847822293749169523392824181151524671589925837238458863349
6741618278616783484515252785632368589218155717583967126776643328847426846629554126776143715431636831
7134673355559354698765294866647267523792691735351771644472967815623231264559755171889516719878528492
4143978337566416585869266923376631418682733318527131893515818825851722971286574822739299812927891428
3372511185521953299778899945285644331441136784734638581357647958296861876356221693753353528559362885
1566734895921118212349626555839149258644547667136137312297853216536513496159175899843129296874174931
8836939878972581552538285328985133959978129978328697662727167297151917216784993218119574951726264262
6593346784884468259645575744277461716714415164571691816295139111836292936962544346943912987226788218
5824575713293969857662519294723871972923774888838863614332252645655858687492573783616752273639114711
1912233448252133155421176661591965367113182323584417643464168616689972218977539648651253687286468567
6897367549466852935283229529238986936276593511191127716829212274485758695742387784488488683653887284
9965164596966356679135329664232199616397689164948661761322637125924742684245837961278537818882495952
4651959125337982662266758971575447289811399614491616277591935192687762864233414259135118617696873631
2532297773151865783322189321131967118745548374339417166983182485468753398398833459313871617149646718
3729842572562983118126826512619937724537254873916784199879978611886188125131856924241821534253246554
4142975771419315634564885972254619225546121715873511549924933565511726257574571755876765723828473396
3275829982829341797675972987826497825623211851431442786843711772549514749997183132874964728474988956
7755132217789274482328117815158612912351531416737525875593445674252274418133854148288262833662869951
4839727974671381679661877555819468593625872483786343536977499414479854422899316317915184777449318938
5857191296696934281621415854593281424527284932119425111628243457129281129893188832418663283255991486
9865823915799686616439312166661148682735987556848518858831817686127926582824391951681436319576434519
3636244923241474964142532446892169142868984788471995274127192645355362799273312185295897876216598998
3443735791967775878747916821639573337374672678742877311536313594613441862837331544918957881325837677
