10 100 9
8919686698412358691557352768682568313472378755592959248364626242997631586982425254524469955634867997
2763468764324272891232295316191671617851318747158977463783482156618528629151353251585862231165889286
5564933944599342281191294869732136182422218345672495911139393938738498687216178666783861775724792155
8271786554677118545951494516745922352577148522594243348769621297542738961521335143189245697591864267
4447561447379792837847215571445433587152323862934976125691857377884114719415864744285894474413565942
3614261789394357521783459817838472972422118256825953319977525934657965993939419866313855975159771919
5414813433388346958774531192458648687883463176774844277588695132427511327743941921296337343312221654
8188731751226613655417556831148539616925166648438989448372892875722173185439535724648777225396984277
9974878257195463889861666626337423558145548786512127238175854275431835476141962135722794699447336167
4881777676431372851145247461945859446266673128968852844789864581356156186539668755986178786697817963
1521656314493835143383863464294172665683249487778729268978537385279463538188447793171371443265922977
6125268563613335155793479469758421395479742531925348812846882457583811985921163818198272393485782214
1577357365996131364826989586757757894418922453946967679435117992456668849488946137431232953582662963
2713139476449583665342844956214121343835274451329482127311222864849514394341593527289438417213186122
6679449799169919658475644874923594731761849843646524217489143925353139172323638235795917868577768821
4872395273865581619463658721328618692838748512599118579677632627441792621862412882974194685135429864
2736348769657523191886826615225556633271459354856655436581856614463823199786298161571353853864611173
9529248127172593969278679929765156723138147356826757849988739529597924397896762743315372139779873773
3891462755172489784377554295889834389296447348311879616985381492198755577151794741281952618671917614
6645183862755287234338568862733385439921129595431587965396583427398886931392511191847272874814737397
1834688374665293616672848254598169427694711472942576188165183536128623853834531375988477168361993473
3448255469424788337426735593935961283165938581581559159967395281122621868863852373754448659734552669
5922868781435582415783546923855594721556652352826422528729983772863985691759148327884867275847944279
2331663191758128984431656481812471645461123886569492194991883967312415767529921447818747873224287517
5744953222527373579332259336754415543428694525955255923479385257649668451881394165714438795966971759
5853746439518657825856646622482213765874948658976339828193657121562786549133378689543561436615977969
4498386224683212536323282751131852683297245724264413982422954815764818628787187541938383799352964486
5791889943584857276555289927458391698763999919478336896496644955486743311987295146118358828474754522
8872347898981436716366854863586158958719815858642839527825776191627792623672848551357326825273349197
4983514995461484458746698998948232498126327182567273555599226744452528463898268631283871378475956916
4717122394163744161485328638537275339139664437442734815758894613279946854441454177993882998695889133
7324651478932197122716617236625593571573843589834395262337771368263497491864483378583659898889719221
1412298595966612956336678764338938853914853631455817123682129814325451178756522733644194197382971367
8365564859471222199961428116512582559553983343344863261528692689918145665486715953176122989635627767
8113968141274875896384671844393218734513331267631291917663892958288355276853656386364233614576384221
6996193556561119234333115749526192592587829587769574426491473516339832296674999648114331589492654397
7385948263468419998284411223272732412215285522754393856919686517656868569178952493919562426996426624
4332197775657486795885472583478135911524289987741585746279746455329198961792421586494742556177497512
2474999829696918258176242665895239937141286984661176729537866742494877562111591925282252167852315257
4347346482419229818767798918351456416862327961594384723486556223865833662277231759991643642799393662
4672331977755122139749184754935563162757412597939212212583982318671884577626757659545531565292926376
2523633369875482213813931618355193791927716139566812425456975586951926845993786762249152471872252795
1115626158346934484873157816364144971326115223564268554738133665857961143987871628529879464238836423
6288787292554187546467786649872716991961138618214132852833328699543676522291718169767242131882687677
2718351538522893418982929897445461981172753232652952993823727891121695934175287664833689747943185944
9743241969143141674364117344516144281944745715285391659146952519387355872135574576459926845538294158
9558837475893557778362838845354784566374994939624898492892646957273136587754574993375878338683621168
4958687789834151578122753483325192386229335542556548893227319413857964454173788324511814448273147926
7577521483642138188142121488689966112855947829714987429963366857873936265564597186551615756852386272
4187971481215185582428318291587423274172938228134723741857775523346144359996291353622872219766226462
5785256518536896594413328685418389153245378285379528256283928734153964787161691622755817794956839342
3679398318985877316845195522795453867949237123631157174823232996551881862622579386155167585418268629
5268295124551389752937659569215913317378991575533152757633729118179182152223927865691623951943944621
4477363182251251994982181537871232651281429854895773288176524258454173327772658445287335249311753159
7792638565834895696512769876366278514567445884897622738896476395463253346419622593854952117415639432
7713618179573874834321464811926157791384864592432691858394538427131517457895646823652964175178889631
5566834824339966949478626146933114625947144296336375756917816127116935973186572576858115778912267428
3433781196488791836927622798428191657747746112152751272348641413927871369457547389996991541767211363
3155292628236227759312661517797458268364162363828926616157787857252584583643512621363336918639529826
2915793892159621993418534439134653361451955156533642391591854933815653446633479265416474997461498722
6774367861691789774894279192246236449576821494668652145968756237943476744159458941427668846743918585
7965847862946314131861763554216197596324323439628936161559598429254886136768663737513973148538889562
6933782929452679671225831451871637186936649886392236819378844993145364726976411894433467498232769958
3992127341736224975775978457756644362822163989832463348728772189885168997846656375429233568615466444
6167848642422616295488918792338591732515252932677442135545777781326356997275285851657527748347796364
1124183286186787898154635459817564178439198564849742652878718957416362518371261792196336229623959396
9251787768669983822141678686989173266534388534398853745247641472652527321877755953283424237944354813
1879771675333635136883333142252561136442355619259635492398615585297536517714526327532291863247212847
8488252894668375325642295849989213624816692376994128515279454538174772312759361152568774986937487245
1339925659767317312563369298668252167757628726474222723166259387799325963879339148599439116668298945
6533221689174896754157689881952768724126987167981338397293396712555916531561932937217195988194456885
7629152541521488453317741128718732682773761313371845647235185329877479844628694785572526537548888196
6677684384421284531889328933284278756136794935938628859212287257968497774846794914322681235532742972
6321694883264713654376241848911514221551987761977599181623552143145681672927413983799168529836497382
4765235797527389797287575824838141242963564998946955881151515727372514552727231817893172823818482132
2889375197463793689686487647365239596647594964472221977159286119962717175976323474613142846152356499
3251683537918761161138241518147199535711363252416819294635328613971138845464458137972962491423989414
7639729754734628773318756725241727293868654682344484448653581635514367561876231712387488457137528458
1673117833743832246439231615348524195672563926786577993382811492512127319133439893771952163389999738
5622685916846498288989415569875886334214613334278576198742469479495884672778158513518774811873887328
2794126883685998318938923726714425948616862385847514586252794369837692141632655348916392686158659777
4435626894627185133483116967839232654229894517466156766963215136742461527413696751433392114363646176
3274157789886479289462171967224178878382149467693526362151652893292382797267987222388899848216744238
9689665586643813228576438196662493158992161737652671893227523972787887979733553822713616811953922344
4615423711578521459577319124636146788596355836548973817546261286278347484838849369515539118828786473
5497668659682664345328271786164152546186533494645245897272942463751665367556296894415556367967942612
3474123846667567955559581993752283126796298966921912171416489662569721335497331574782463649455682219
7583713568149463337298267341164841491688339798289549168216969886521585693989755194715294622297995984
7773464281286588114969556131566952153737253154311922836324485923385833832147312551188833319683221899
2658942315353687897354363436984388863841489567542621287328818214315926896874255715185642642656685899
7657743243732976146396678772293125866252482645267554973131967878189852146376468367151681835665363973
7486164323217428423556536249684385298854657895661256964218598761636772893818946721883278628246475432
9948441725667397531776888238967187622847395772164695684611629839471695955255282818483696131772916365
9468142397536759357468231127899414731914522665489394187788317899517912965883747938516765875888445272
6592323954519531996456941546582114145564798568993162393167125875733131968429772154552243984178382755
6566332388263783252662457574351926585711323983854225667316951145841542146952729426273199555783822875
6895989195384776834374859246164274749223154369434697685974638648439145722296966379899391142191229237
5631981448348164195413165398381214165878448446251343682228675273962574255755429671274445323854243546
4336672259599612239177581584896393636828243559816529942714377516418838199565199319115196754194733951
6431712772841338568629319873519186111948222222415186149829436181962252337828332333329612999157868746
