43 100 9
1844211624171283468247197812211746426529876337939418223415148928989384276575588678444811187136912591
7985344754161275234587234566431437693629574825228559855326579989165643371388777997773842868864567136
1294627784857179525425794443273848216378149114861882515277738137745843418795832784536976269154138147
2343229697725562524215811119971215155446826369941819838536515141649829146183217747586289997625546767
8999956623428537595758374876321275317731114656759895143472465275725814754614565387899618773957694693
8343637454661793234829761738382544491631992817639487942131647348444443178938174978627341623466216964
1283963757498472921757135542129752797239132982945647186356452481951752486611744419965194922468429739
5655264767238326327482377898554769453374274977871214561983695241542352574435288155955289424951971497
4169227297195211439598115819985295443678969814468543876897364116338257884872534834947996311188241372
1661783148235982536381381878743111892597242654627227314179694943794242719275126458926486439911269437
4645573118918584992558579797897588298711143955279436664739538425286332295473443418119362946257955326
2713237872911318662314183676897282278655285313853916286287148246748994154828285311739188222788967123
3181931517315343235179444521947893989457476822686533995143288577342937171135884955758225946141748712
9151612669225466446353162722913273611699961231289347251157949439599285896869793581166914263889574869
1149426994193553967125757446149394687956811471589561528681132285184362593731834965568942215822678526
7171743737841568385417354231986341787282726616979212219337429622869935518883534612764546924767213913
7644872237998681137725981917392845175287438996743582935123524967993545355278191532384449851416788582
6162481448635464571484298525957641223232552511627715148818955979935147419957813126135648416199936774
9322643624276739896925355696279623689898597186668566978921557717764441459235412157779929841514452653
6186349229654235956112595115195433996319391559867498141641461781648351152522124744128854425243143461
4426828551829673624462111654572482429596994963541375465667541137964432621579143773166866733719691974
5829225526132198872162287354474534598596974755196587569743769193585628787945231541964599822322283459
5852528474863872921381639545217472578792253577859828883894825418996464356341729758653565638832413671
2365536848583791857894597318327496234862773714829956165493281484873193521548782873969439245218289664
1976667362714515782547726576367429791713541313748433582165712484112961717582114533645639217152623354
4986939674145131952234483356423777822998825448342546314533985513221752451799629891832143286468749415
9331642835829551919259468128498563754725112767461725172835361525978897444744875695212524612721828454
3548877575195411992949639926321757793373833936384518533989954678399925262635377732944424667652245936
5851589386414714417328939898111513586275543518323139234664949673712387829249994928877928456977467859
6277845935452792655739558977472799796851484229338657228581316135554962499136126778116552963973816741
3133825361779726886563497374717775987768241169172143329672722862171143261422591218761398413875216113
2127224968472681136242444866339658953185795123441157914865685574733685396157182772494793396763716558
2826974578987766487781455968716189335672494413154498688144491177873849576268517632462844835847522839
9874528869655829428448242124576686319535655815229342471385191685298931562331614332111875851134119662
8691291514562763781337911643334546787183232451594653742298756441115568397365822172127941626228673583
4474969518174579917655368132951728321348757524878739856847127677562636695428762117891653833787988876
8878241961298232612784725377818976281485898832498273522413717125787683631175379736969411231869995735
6944765777426495863255981816878761669323426963375686527334623837118929151844964645878127473235571729
7713357528228575326456328827737282374898339154371384314739274638968316336842579754581626425843444245
4685258881287198822757825663367632575386113555978798258892972594918717338642684992925461625128118697
2633239219358148587863387752169688695569153345657244974523239265315142851115652755694179745658761764
3328981665369148626124473795523535412131349364962562121145952398852127113784716228178217297648439596
5923768949328845226492728676429187773151294181862288442166686758684953635362634965274884758996212119
7744194164629296567326489999171247537279267515894159822838698391544638619643881798484538753127711117
4988739494821869569115824941333883641668285718213685717472964854974231233658235982125729947512372611
6243323287153148721426417553984226293798653865231174595311396237834269358167555418461771397837414113
6686273422342116483113952756615176754944432966751686889721453844118115744583774334622561899837826718
2633573954259778662826917724122785911647585641947678611123994757532893575173816611922813472328496757
7486457417188993637348324836985615936944534954121822889618986188759472381933343851126427961624222598
8333321912253987922551887288782139418333964435188171561973561643161335577813526771799428516742987574
4574383522322512631611659477165625761433139562929346327157256197641449927923487731479466587998515932
7787348479169974591716641533248686846177533476542784294487933849415833341375284849345749258635253784
3276879589556436675486339532995839392979886681852858484469844277257717381145555138179689968928428336
8585838999278137433784583479826436233828855931117224689494356218931599145567752247613269355145954311
4391592732972693249365881597826853167479264435118339879737263135732825116768361996447873415242399958
4431756486139738993816457749362986478929895186655516483244746421924959361864459833767748265228458973
4646991456469592493579345643623764421584823573695439131787874157256753159671291517165851959728427211
2564298924614717241118569756258124228844646589956387279867663835134847593631785542329122432167921488
1118681656365385548795516551479518697949394236871122547362779452659416389773272911957735656871717136
8324826532875331877253254183391861295366959463718634232126732844776391876936598949249187977396922772
3555791226827924769574959853724173813322329897574589112436146572888916313124165433281852511272915668
8855341686591876494899722217486391862383212949577857874953124631747112672747654896685217619635364169
6474732999239823611381851535651931621313344282955983675293735683259281223829233352145416798787788196
2135264286595511691321155962952437265757844898775952249524891441637297454371254828277264463961992995
5172763861525714246934322246348554744988557458254982915684817655836852451488443356779851349425845931
4135648744382767772315876254648149673329396365239845594282789881257864413851621588491219646249129362
9717796381294117743782232428276698788271769583179513856582124976246874937799842498781868154454773616
1879424351232845178836884293978616498153949549531564911116311853992367216448827511913231421492281236
1792717837956531168325939955618937462254517235757822341732988938841676122917154631315513437668716231
9665986939485596498871848635145257475532693533553859365595784959598329962221541132667242252169967625
6423242447739483598447318137968274977997168522388963195638924535728469481563476856355634328332992387
3736291623364574615497724911246135334497234758968669169246549373187944446155761513732315962921888629
7815452971344158362633463893223394721599465272263318261231379233417822754349819819998245931217262489
3733167626149671967524955788169936899815225256942888466465681177934413993215991782914896491553786139
6553553566637369914441369446688649151993897339937836383573468169451681263542782571572625591784712526
2869873536938812438963674182235673865843697112585878483627135515936537953969697549112266781566251631
7454947894463258745213735739934995778632196638379155436477619267918421352739766443993271419711361827
9252139895488691125183994818732434577427146987265286299635179438253539521217867875529724686862673521
3946563436521839232453698262736886234645847185416361316397186142392933287712714134341738514789187546
1972347345153527579537924925416937553359478394871681293953366651969268696679427636295722971671526418
7563434192417184791573654439226976691762787366566454112173355276633867416169647244666116115429416595
8997438759643799517162873374285612935787664316355522671171836413542384992175821825296788663413911787
8175382728589944471399871581999875153676443431158623466492262139841577581839143921213257631717491235
1139273253932638124537392197796933165396694413491111328669224497722678995322771452487646393325827493
7256589948419753764415884179254856588189779885521927912356548634821274725872174975884442767213743567
4563276234969836485473891131743118624392666472177252923265872633228673683763145921894553593511642365
6745778295869352233316155998559136192869895559594413191639796853518915313563875969125792317251485617
3572418275492598759622623461443381465347564564365964229935265329288339491377588377635391668484753991
9989268329715248984626761287261845836684362857812641822123532574662839716647755517267634316353461679
4364669618511486327342119189476182816337475171272123864952423253863385989248329487612591279669558524
8241958346413654548111123393654582237736582871595656459758827286267796476566856848328546724833186984
4251593346869746139571589852333456769918138165128738333554325154142535749453348973767584898574681642
1697853914644485312619874722866347147723944165699541493493671282184188262328496281295743888866735479
1997599527589877199216148899571567237332194813583875537451326713693675361759749464532355386298769455
4412451356396223186717616887515768961229774822716411573327216615355249312692132266741562372247258693
1791828853177964125858756349784279637423951221499427382588167427942712594646463471225179319365866573
4511254521735214358792998577698461177146593158432544191454915348697496562161552349315365212973321646
6733989529592958323297731854988973757276875541929824683414676848511433186837565352377495241358587235
7966579325787838565723854338734913295426364162922335666667421627212132941594496479193858451621956838
3654581835974884495821124619694952986213615261946219355814268289761869566857937368667924861253914177
