44 100 9
4218532474495786634145858953121497711642535879711155856133584285858994237455259437854759332662979355
6746797425249716514545173626299535471468442393981467294778826946647529881769694444821277585682479298
9293734125478396789839146955324158732599665786547927586292682352316992743619463448798436691692314397
5635148762873653264587684541224195771843892523469877612846239657282522389741721323942911254196721848
8253492826277992166421634756622588257166216731628679224354325448459136853461531481714785773814668347
9561684731574749578391754631597565362222743359952488774645672183311273521939175963418174397478321914
3483546925726236884296549478848245955632163279223427199389727471535331748987548581837782768184273842
2222688355295399666389875337285222176288887175786227244138733949585185437224287492895888485327749313
1551399139328459515669824565157917772112832749862684589437274442258858365464177138856697832899741815
9423962558437529477259653876775127477131672984485684793218216676347664376386658838675315316758871125
9427775114986767997973884368123925463476495253556171416115924465847218847512352582959324831136589359
1245315342258963995463291154212261876287523475225182281472735177431117519128139369863399562527588918
7258816697137662276454136318914166479919854144813549786839718126857444691873665197631928887277154278
7366989129522899918345138576128887139739379882566888394254765846419885862961713838922998345983734889
6772653784918182515243469559941484737498133859515179173654361776352765599856211597947256319322323314
4888625627748228866424953563563235266869939415615479943662345163717634467741412166145366844872339514
1297959587415218721891235918981372958142379491883213322647496468114773439562492687129186385164756472
3747997511866446647527715556277986436892736674655973865355565678911582482757295547233758591517397174
9632993797499634751375429859875372361884338325785792791417369443429554735588445731438961717646663886
2258652668249174231778589648535216649557919232419443895667685178295487141139439518674952631248183798
4392739746975814244749832213787842678631491698555769677418491318921149722297823133524573272167625981
6552673627116515186938319242555156957665997925656571698976516683473526778165564755252167285691972152
8253173822963186785119973494468196759287119888912676885987744372883546835613194598914934426316151836
5184135767642679912785148713756752698388441828499622224552869141229712625127118744747297557331857668
2934262436524132164189316316995983132578373347219927855247139547668147844458914676677982169184353936
9177375362962995496756377874316729398925537771253751249123226367258172859127738692191361889859649992
3792865689446376699391844636968961516714416579184512753719769541124316267247138617971455598713413915
7164385244761528327551314568642668815419717239912442471336679686783842196863356585227651314384587444
7532339919494871916628915539158656631437838433895324825354863825972851139486796496868845453736863629
8912864295138941124629498666714551738894324768491788387866241362118656148265557722579194374276927979
6523325263856726521118637754865526241662836988392745337785498149499413699773935739385531192916552519
9393452682916969717877516423813819832794534157264974917788943472692943591319977787143116813986799994
4961271982827287177912459135286788795732485762858359277455968988115517657412813751431819134251973618
1321572196953968821185144474973353657384823232227297327962737177941433948257192531254442646684294957
9581975493424464583645738225446263157636618859965592313388522438626619693616678918526616367264846899
8327852735957566618553123381365232693878963365672659289228253563181591712122279262137532884262169737
5195835568858671481629982169591991361599823627297415371757834383456572881332124785818853871128954634
5323114541637876212689564714122251647521481621187451395135359714853219498771923729626894845442213734
5333359817758868369197156135899835298799435228159582312533923767591693587976772235388136714355578199
1914756259311584588867682719154537735457556692834581399332973899233467617888451445321744824766414366
3836743716367273744365118445763712815284952535498433185963455664142621399849353987966583899685679731
7414418964121881999919959267233598333689349648884367222846179477419573976485118966331384582147213823
3488841815635175916597647175896238777778815728655234618392212128762822224791739583392429719376644888
5372463682734829981942251599635892558613868961484166123895466678478786677884864858342265544665848284
1818898242498975955735898727447254389748377973336581289865892678394926968416648413251878783151688424
3576882667933259554986419439531959891414332288716752249556324691668511216571865591447225865284772269
9817817184339752564783897724687567439514696678223978514516195874132317697332399918287836742648426281
3347167647417464455765292326422139185676511938855895534469719736168187248847648172288374391864481893
1512633513924246164325246524621836457486996577472834774248952373311685349266231564142714897824361686
5142527132888968979723774986591975433276123426531724283575257177665827839699413643157782898338818748
4319897435612859569828865983431551635859949482413928469673575158458579926346733929348226187298364873
3166898842116853617757837938183492214261738124411979955876253165758118884947591734415357198881521623
2177795731396669485895639645344554684427121921369975111443592851252652512255957865326118817237521785
5648551674837722276375453783688319849784251429933481885942145244491613728427676115364539637669736331
5937935252799918814938371766899892362731297955519649172869549493421259552214868448598759734257756845
7945966139272711468177152771785453734739385716576731724862641756735227623328841391373982559282588514
1487351363464487543145241732266716553731474454438364968921529255997826927873477672145186211778314369
5176983715772329392852398981599524473822675652997627625951642192131928228385845381311515247993972214
6833233661748512331585894171399781472991326577942756885939854961977727871912617589169325677762166253
9944383549758752765899686135636379522344366641316867763824695313752698584477687383184897865877755331
8336398652298162855366845836493432373933133468537556237667441994699632545726631953638183319396378336
8859357736935248211137542973886998217676985343845569735318731619562213365741249919188457992128832898
8237658556664679235981599821626259871514576642771545326224161975181159541313988279561593821962479319
4874934551852722883116662592824844255884555879764281796967313982443991332713682674739632792787474685
7238831498822495697256799513668227545759169575738331766981186662783311966544726367118474748789545947
3291962141112846129154469231339544634195861148613928282322971587415886193942479412282621229141929268
8742191775543733562938961864763138276982946966414375692219868245319521718479536784568389722172489567
2364834876957626426231528676224827158352642869214461969257714299722487183216174436863398368789762779
5323542777836938679796937787457864129482258734465447756417277116742258939154647425844812635488886443
9834971832254912369856844897238616327252516167133346295219269626347395967387897471675572518536597869
2694731761735738361592946156725585267535738831294991836776566489482184649411583961939715483169669791
8565278141378882726867834354513858134654737846994729752779686982532242962584311656968781623443678623
7257285423695827932892478357867666892144282249231322922794682893619146718579227798177196487349539514
9412133884713651277685341818193423658889622674133427493754354645444581928689397211321211459537814741
3448582479841465718213336271919523562292168532665285734523439919497265675699712674862477994273685172
5443454383212921921265892954726662655749256341656564895745698348379679914117147444638599284523151443
4669744761221756114431767459846558349352881847133769157332359799161931315385123986586893166272115628
3142841249879518843132962165968759745984579229284817698168199433529733611177732162981787432358947644
1694592382717928218155327395469427828762441293138395781358792769147385596951495314585373159618727826
7694684335123523555636187917177945475985129534435748872572335789615836913669655377983119928453854161
5726994892534949981948118327255484624693834335485697481668889468325592186694687755498222449121113383
6887186858748712671846269762532179281442972652845475226677214429777511651511185595737914812941686679
2597329937297892494649913334462163946321242714629357795927639694183358862621414261876168794962223628
7164133935413247516719817112668357545597411816193143487518158475891799753412157929921124823196251291
4598984315879711585555936278662111446724341677177334723428873137279692839688181521334871462814395596
8669192147133286462933719955311994179429138386361659587197982523465987837111135886849136567464898124
4664139176934452119676427662565774375898283463362326449337381194236268754859229197621797371137616996
2879356928536284773182494332645685479276579275667278822965928483723719964856696481371163211528167433
3936163425893225452889418144959431111619433416521485567913639171617136431248242557216149171669656936
4744297958898345182455946251463428821489616449131123855545622954458921775594596651633447811927469774
1891815193916178537796895125393898528958829877869696918831173129951599256212735141861427382217356618
7557523427458979326951893641865654163912279767453371238865626492389925899522264962854262147178128625
8822456762518842514751293919142899337498723214591433271773422578555475456266859294819955529579354864
9143783898668432138229329454833954632378169694627226996919635645239379846684247654988981797844296416
1352794512862168128646627216542653516642937117818394592345728176153283333978987261414268296119318766
3725136979378564321422959771981827552366454312699525944638182834265386928185543146144111533195841738
2784589953385356148347994654249571348777487947867649518163313493418239387842345951443246528172429325
3127715623558557791291678933397762347646819714554461364992292483122712738318984176798526483143334939
9685142737445745562294746138834711387866471649811157727537725795443988416137617885342997534684119926
6993188796358724335357755481643116538381759651147717699572585988575581188237595648565199349152738881
