29 100 9
2915116777244232456487939821988219234664968121724192472913785213287221222512872785646197692431449158
6556145338471523998633782414466388241355124556225121894223766561585838357371198824171267757845599756
2495713275646165216649654971132378797387914969222835186695122556211949819482967235118918995878526122
7656862432683652462748162555373433134649648236818523945362737795188914797924413659528151742349786715
4756279735152196566539969668999917851159873798545176328821927893685482947772541262267683542582579658
7357537515779747276961755175564465865137433938924945384352897957399181233528462832716315712918635393
6895911872715359723489536387768766894321491961632425339175336848821322894859154979259593611443165396
7376355917175993121391459162114654998848362814914471955656935397823469756735846178452383853441719318
4253795866425744978659987698719766379588819215668872484933413515943463731635323535221276285667336581
9242231395989894574416279976911376959425557487126626475812335879344366329647336686195683735148562764
3678571691634621925561142485874363739474911642975777377991262359388847547324331896379629349629734933
2227631287155577692599863797879899652532929977424388493582141355753347647874976732918544727161751615
4558894635786388422382473213221157552616245948214194527783489239771972486222934255936292574559227346
8616753635811665548568884882529939257839233142871819549752586451863542539712976327122178886551391932
8292352566156372837558241373384827756253667766168931461968398869492173134658634657676293299218414719
7532919971763168847243391157838647629222145698462737255339647699472845842743938444535383451919525758
3972946312165956598823528498169924792634728279672945431892294461481169999633545567425511427768529576
5497683867685173924865678685345532312724777564535594272634872627712913955788287154741267281628985274
3263997712933225698611829155994478942289482888565222398673557733143925943837974632875951746135324494
9853316355941292486527777955824528766285826821264741375912678181372998748485187579417737162463438317
3849453151385394268884695414654332786118687877624458846849483912846959219754183555213535329717934874
3123527626498943574695115816557984534361558586837268113738568867513513371373473379764231555797711677
8737997692443184117649359272639483112346767292412493288575572949599516167161645453118964388944839183
4215971587529472676824611171664465736455974593158547158166354261521194864643252681934216866395549248
7583627835867263413899761983512529584893194548316937793437292734884475378641951633815927655898336685
3567111792486154178913129563442436128461968563133343573781652195427159664415865775798316667878146241
5926575836775813677421956569884336926591612534717169662656672975438477571863658547498467394991919159
1246385843859479871244416879435242899574822632138143716465172842747927578162446845389451388545235139
6324468145347883636494364696729878474211131377214725627991739881276552474893482672269873238747548312
7738438586925214755196611936682435378327657274435637712878951812144611937899798632366123188867231359
9121155868566267112591982232734379727145232619486661177765299436543125624635667249226791487475312518
8877173852911373834732246789628714652419193443832755991573265666597358947538662778414377925891159894
9753765826358145667441915592783234588311547526622816197626271718921558193591972727686844893646943246
1279479575466287595423417235813898362472436249796648476925877961835419529176157673781577412389957823
6671264876935784323495599132368153635348179548754729179825795834487851558936228699972153833456849585
8889795775151741883283482556746359857864621486919497794499128347156966171112426598781896419589635636
3922254445351612485522566861232181176681271453116431977182649586474644196337574969421312743142496985
6482343463311527386195111647143816669598516524884532189367197226626941518974657782981874238336465529
7552546679677633114859554422173458491949134758584419814348515231116276416616988566752281957469619795
6236797773286312526148371472376176327186613115826812792245674278452967559977474347442881993444289255
6622659998769595816554888965549484874246615255547832562784561921765978123777449196623119795826591319
6956224255269725742188698956355318752225399911555144949961611369463272939791234223767575948647318699
3423677896531532495466465621973658817987981289653192988981596525731438274846248145488316953127617558
4628199638775833291334146532924678439565848975448414957351136821662221341666788637944614511946483854
7729861484483947855677466923215197446475874921618794889311137954971817872834262883135933445238191439
3456185112269632457385789476975211827757823469642278261315966835544269648121873649935588721334291493
6413963745111181513965921962296213319661598289913792363378538462226173421687927897236241195318183457
3467829512597541656876456451644943964142882127736275362992638539646587145432632246557448317228637189
7775273427687938812535729168519165712976299956142387697863925862243342344943465955938426996182176256
7776343863643344296317363196196882887914225731479662333563184277746326397739564749723824185229381675
4316616971966536952757493863362251561975834787699862432172679823543882973828478586779124626744412846
3842594839229299293911492475393981237965159873414917817987744847567315117717918216834364249124642668
8696861716919256747695119739522473671217198944588214465662659273398939457194677424192199383983133738
2869787816831269343873947377671358893237289247363764448692739821274627529292839959592596655369632416
2691195654597582683444258781666432564858563585251581478143679359283238897385577247343122883722797439
1819614225822593723123594618399169324588122916813652846998438542895694119316459535373344365543171674
3339559751475627328147156623828499124757267563128297289751881874325195942876566761626632111791983452
8675768849649517747279868374199565144744969864227753574413643612671353135167298146973179729559725181
2347456671256981458241553964114543426919161144367264199973422125298381452844667256251639113654121529
2746668478766349586428798279976369857177615236318115749276774683748873541745797935699156555247189458
3366453993236668371711267826879441494597514353821575861433131789668364346885326213754262776361463193
9469634232648833787293187184723528571139891372659386873619525366449787474534321891376871525941426354
6828852141212261637358877452112185199511189655134876244843485466861788117879681777487149586745376326
6539658463798225675695882717479925531989699983357595654273559923141782253427236996321647756919734771
1957439379519486436732895757682741591166362513981292963976551374772171822879417935431923777922289463
7427686651325376972844215597776521254793491359735763784678898958528396523717769781687516126854676545
3221659431287557236681694636125334626112235981815378513849342163556862788121631357898762864194952447
3525748757797122486543166343178353437365482237589262755984583528975542612321852579972119237956214215
1925795939624991291424444189328493457317842114324542766656822184298546654574743759712212176948843828
3673617852257274756269723887348973399825694154275575516344113254443325111237497294761554995635673966
7431629348241615964524772692349756625623862279173451129235962416365648393292215711219683312793685284
6368988364332914729518921338932165521794469238373677526891556671981589269753369255194924498527655575
7121673759225292811254831756555931112424317166861474779432785931844799518453862392747831371136477794
2214926285856699412657181916279452812187635839275152335341835415799855389928894354939492199459256671
4495469983739546963519745833135187147588136833852568366119396436185952635596541817836549277395982149
5728131532745718985461948414551992851717789435148795126335749966774934794812284835434255321275492858
5866912323228764139995588984976981635564345359756389111134114788417849457621361174848572818941615655
3781629644421267697458731396333185144299537674193123423131737847145318351477759575152669497152823451
4685454249613359734788572637868349148332523632887873375437395689649513733164564822162582135999456287
8777268858911696222413212631725613837535847142725435883475722299678147133764534974461674287986668583
6959126588374719317996279561442286492881723595623531661371154812415292976468112997994938156262521624
3423984819861434139354232263485137286439461814197252279572378666191334222459951932951681428732715298
1856241321488894965119335278915788579228397425254727953943854752316396939954185684458936848845121973
3452196889594591279331316258375911188991725913149439882995484475424634317766286981526489961473989932
5555356547151287936391991312942169838931241121846511126779111724712413662894176749451523217288774155
4347465883773877541776981654499777271993818155178699798674781718463498781544696683915747479976138799
2753699931931364121454496742923917784298891475361455794695913923493768313589924322766376861275421951
9871913118633243294616116739836411916744622448218418953828751372582536866469843825994195229779876478
5419231536972223152269743415941852457812395348564383423284516766758398226784764962526433352264488295
4929898637418542619677697831879652581611756625828759834519126129261986122799875663936877583147922736
1522244229683397479614158183124363725523549148376662712985327553668915734214358123472476461356168529
9245472158846924645832843847698879248962768736795153414878528841965151965928251987681625535243918537
8344941933425683315169359867947765489878881834573365819723219255777659776883736621998835198848327987
5596119741961281577462865214426736273836992321276588833953831541262567287264222786118631665678158889
4992165594187492512461472389487955517995217544192547853237168972137854425334854486789147962427548894
9488188361962711862271211169296163434639574843893797417535125812921816787938177112827895546491182975
7552927556576364829343221349727963425661275444574912422128457449739841847526188128397974284653743945
4631856689259871831635614244159963795896918221346221547884713884659445452587425224785493979818178137
4857533333626927872177418329244695547535746892573291449152697974775576561915815673463363161484324961
7999685762949249553656126316713866121856591311547668657343624983917794848755355769264553753243566145
