19 100 9
4434686543414971342323995736432632463263984798757824596333793247917213467683454827632962299328488935
7655751237313793825353341346926129622953881986882754862483142893759452846893315918829558661449669869
8563291992567236855891424124237359215926535225682165291472462692711379276768737338913951481951516559
9276395296451452912182323389718661687618633161913897236883411916358721875729167489345148467646339631
5899656419862981736395486854477593495171255963566463387153568829429896843552118862331245415249133741
6355177232915962961184892422336918853797627379258411278197461464747121356896486341485912728857816464
7489795356989758872168269828194458868436899264288339457389616723468852796317915284426855588235459926
2199198967962599583277885943958659967989988545954568581958543642861861742856451442899492478697717782
2211421957529341925735316855852472366468462616292789885516444271836739927531966944996291767424928175
9274975994759113463387913918795163455956995682937145427716195495841217748519992857354272995421386973
4254289999422778953914557173732623198557259963865487125493335438751527599233166589531788162651737841
9146961971847528345562655264664243326355579996497194835718887337615658589844115676629325449833985912
9216244159993162286144371385812776553176647192272183215669895356288385494382962428172292895273881882
8234543993967197711323372344578398268491559526647869119915668269545553959978594884528858692827471189
7956493977593495948821114896388521975157789794816421753954876173172994333785989167529283453312586644
1588832143819489924387725273931577923144343555344794157197721223243787237297784156552153765561331176
7682524836126388761749417858889327114868647875446354188244221631867817956541257389983654274281918267
3727259931615581615731736395114339555245881851951415631558359454821974375711747957671552565232739539
2228254657878991293838314947542194115235426934992942772655467475476545348599317332128124327236264348
4891441864213673698322269886398844337228151442793424866142863922732273791537384743183587851424776538
6975281611267615859384481224968187318733365497578611134855738922368126176754116529863626688932969644
9361127872463187729588248857644978864568774687395646166227213164872223568176417212628426863577635849
7627785119469342277949134159445517878744196993578436223162563764138381889713398165615983379122291393
4736338332263673446542148737899751946919239562171261752536423262642243234911533721237121821765556556
2318884336627278838921123812633167822633345554453864181132294722317689439332962417329541531123452951
8394732987772927825155192127976289632343393282798757274613428722236999124145716522872962134131545622
4155631948679821447376899716641135791979626737922695814661386595746467933956499368566343683242937376
5175626397411698486686686555418311791392432832849993533466946579547376765964962915362615353142536282
4238888284523226668951144298823877143976937397868132189983492143114625717496792623754589655891263653
7716265288896257773593637841714232716742128661521943732543777433968765486768882614688874587841636761
1457145186432378967679873913659168959117365474225482742362723979915364126594952416146723946525753211
2355236263284718318282658134636756828227136987346711452465174342265193517478318144395983117721858337
8697144415823323952634288396631238344125429656723376897683377859433617433776254197993794553953921681
6316463458379559496434492986494988977369984949597758565599671942958376298395757326487282269976116437
2764231898872497389936324317515182864673464226721866161261116673927643214627341266257219192781325196
4471345525545451623799497738568518623564339674247127127564444223555767228424866614595257474798486517
5557661913288433622375645498419763541719311282269681717793311195819266778366928983382528379484751531
4493843342689217898341232951715523116655863583482368647865921422424788459149946397283951957585776316
7697986683859179539972475148485185662159519863383278668858984928468652135592252378673477467637947322
6742699827898527899886974567854932439493698173519797543627315135471213713657457425639733942938948314
3627671891923642217946431539722945661551865947565451919681944711493641185352565766155436843866662397
7668518318427141576158759416787211998535841252173638797694523171116953562657252968374163252847944362
2758666285895163171727294973998879411365178775936611582723154353199881545263898272823783746712793445
3258125517186721311728934497251526361392917665943312215166923369173659591866662559283252494637727617
5594598196341778459313613737281584193684352917848251571929273654212547949433678914965646911683111434
9283313677342995873939113885566567958911335942439246856921337119564139193711224421962549532826312123
5868943731368164699282542782223746791962853884757215158971787378978785525634244623439598972131576549
4993742223946915852539185891462471277188396997588762131756917143144691512584464321667769297969982916
2616153654485346867685851828147157683686382618854893836866171999534632212428853283874223137167599398
3751539119718448734756351177339178258457757665816447316159833962643181114334738648261786574573116449
8972951618442871138457215471761976928796146616233641762839185715467913163426618527739637131757816334
9636462728262778397197243265815178756974463765422568597492162949913613698693717256425366633541155246
7228432794665639355199466112823361183989583365824666569291731767123516123531834448318531259143295238
8888179678637738779392392336737713586969487166598341657497668213329474266978175873421187666468249359
7443335539452779692737374769587834387876426393822683792236741436241481895566184114851479915628348719
5498533391364385182979741942439125347957549597399818583166357399851262472115564159755534544424531611
5417638128759415163582432432452114465155988776899376236677419952418249779212274299769555951666162748
1528515291719316731541761645627577531334987616375658592398956637691178595354628997267412418887933762
1362541967366689548989314681942411934181483122655682116894654246282937283539151537672174837876899697
9375523625791172654967213554796315519358686767688519766181643573247924196413624469697529295547234188
6813248682862532311378131815819677634621191552939342312547456446158195182868214714397658724472417691
8684797857799334913418183457772489328116613633748541655896351757771779815816874959141197423556945258
1162511778378916878345325518796347925863394887655632378235569875984243962271397515368481756842365956
8667811666389231279775438185374194633994249999896671239164669147597713615237593429897367738686111221
9541953863218376184115687372176135681874261241635731745799435915162163377916211298763326133662765825
3533797137833362511831877166341126782317741544599756432927593623636458545461474734998441848442378978
4859844814141792822827576498196771255151119941786978718887788275589897912236715961622517495439537496
1448168493975691564482981418726294165788651454962349428758344958527624459291769538341893741167174887
1736419132884498847514969334415397842644564948182564643254493326471318467353567911521835527382851945
9214161557972571214658737273444199758592211263346269177865221249989178277556783915933727336179333646
2551358833119916913754466237735931455482338314157516221979726571667625164444544622534974758661637192
7871342991774686492836816515839953778634788413218388577445749855868396286797685889234842587464684125
3634755723611798692637946984247729239157379398144584615877837939364784712592784949153416556633219494
7296651714629473757167597163487327379256678497717765562229128547467828565624932133291593215169291916
8897249911864148928465632818415912599636159552481582853335989774997335222934455854297598614989954474
7227962926343987375449452886875639157867451759432546753535414753661314438349546452533361556913731747
9544119121349614542594863752155376188673298341355781586897511745674471581423292234885837971678815555
5951564488611153228634271343967825896475378532657355794228799489473111631928988647896328911594511154
3688932423629391363668381652343133158337541749164987836154816791769443448269613152322769475983229185
9231476228742584699399139588792457779532941237877537387487157176781862674364595211237189423422547594
6872926629432665585898686683352211317377647943977784714294885929524876886319372659843922399683561158
9526461186379223243136826979754316323138737343886613642359236141497336644647282329858887841947838425
5483239867727719376728686623988597683644464552155236543786731756777317579535229168139897163965251628
6163426947921826431761458331974749717896796378382817642353741295631175192481317352225542677937787861
2738233116153322238596524272875918837683213283616687636274526629189783445572371677186659744389557679
9162533763575348834515676741968171972813688748533316346598149651713541692112798616494994499363264153
2557594648926722429453355598127863649329823771859338967924864756518991694115129437326745779296997156
1372923883869474311493855732352714473372662215619218984996389852318111122499327274645687231164653241
6272873636794956571554326559823645894882755651141577935368264666254356724451425198224767543781955445
4186896473961822362442381215565219395686142164231968713738393891597584166539928219721212847714924748
7188562322592129818927126541941113279613156615959757799815154255494867264764343675273468431815466352
2556269719696387495271756611716459169433852781655946996986138198794871125231129386274844925874523768
4566322791425372174399481974616878393166419518613294998698546152446566529519913566255865775761879748
4328525777255727411296975786766823437489999755514332763529547438335215531236915745781974934566458355
9465631923323599628468167441298962772499379616545723229515155186527549115685279841392617491983238237
6214845426134767519936889117879112317918362856794952292442496216526373996151493757892484838987974439
7735422211688497771328181794923227639235153315341534468117155148933172918817547355947794632747367852
8254458924641863574682766496138341582923123254915276857513482842545648981752535786832237821341219153
9711611758713555828292163912331996884434397865117772971961177184661312314675135349469773897489449371
9823393474336571883774795368681376382323711192721536936777261391429164826166888623187653717541287515
