16 100 9
2858612647965336685636644311316551219521152396787366336615598979159472513364417693752145314896756255
6465716727528971129981765173323663183813879984181921589177779368488331814733975634968972796416795867
5195799236451832996491773394585373261716585712122213969983443413247884934951928777833361226866411325
2267891851945436361978514387789952485345234838929793386549948342269449717624446662257732275274681688
5174816398114931937595224569831222477667741886931384727955513394659191171744128839588414937245283938
7286425841387934681271761553855782737518245391238441728863563925745613751198555296397926861664357226
9962539311941164943954451922855287235174856411265794857899993599916323651759529375155319619717894867
9391816411311739991343361241381972288763769891735114585691533842682146562448268621622321927135345979
7748689486939366488974783846853624417639272134636392864734833511627428171611293757766348579435657376
2482442142521485963448597423734264876413191964931684536532784339944261923955571983416386199246972354
4719231224876637168579123374159498964562836944728632515587845442847425269974188363838782711671761611
9929163477198576252532828718761118921866679274398394667573816971288474156615589815531583195263438845
2488132918167272527587149893731353362969627645862647698922716754882925184333519216915654151937863739
9583186727252846564896871442637716793327718855855472224386676936115642852839294644258999551582245471
4418637621778551623773626892534445387321967454968964845687491467948478925858978563579172449647876235
3476928586243654687482551267574911785127131377856855149227561311483936117892982298382723685885118791
5354493816381747639665584917519953453664582458826519328755844358557633695596514731688551853842383478
7842144852773928413557696815117713795761848146959111377398998789195776721224886874877843859485686729
5799419825211549721394888858963892373647366732359416712543451876681122694422959989183116856573313481
5246581286489257253137894584136546317919668987168826221889295377217617912193223942775647946159449977
5557738172816511378416382849123751665864278191799112748842245675823725639346577774345462446651224745
3493933811255186992168721821274421572358887622868845852863213481142917956791231997853336784719883455
5828122334441473724628376164673232756464399787264797415698922468234772212757611851488843513482259155
1438321555137774759548296948715822618359279194529354855869743322816644781551778774153669155824164611
4797291864377994543263196286116197874535691678589979363316335789718731986776677589393268646974647693
1862922153789213956795179935463679753582281941655622143993557642268464798342828164995596858546437921
4578442874661788322582736927971519125677889885448681943919168569338133476748156442437245169677699761
8591382442631696886619667957366628942248224224527242366514821695886961553257622333189195862951736574
7577186175698842117267748779485278862944695377972955481518778666683362324463417897932385121475836892
4378561769636772148522598769764729195849732246886914282568529831978942882485683226396776192914749772
5497635538888142328667979154615254251565423295843345531141828437196747755597976921689547339196163671
1992963219684286572459898529291991438811832279323459525192575496935273498241965214872963145544495282
2951173988778215552422953141398755274348899957693341468686161327429981215287581166557564733275179944
2167552975961945874736821197977244966271854862492668935141255244455468755457865735591331582139361659
2225695171538487787397635795728618772222621675372118433729159483942918755417822523624237295383562313
3926296144282428687171788131586158328812421872736654391896864419315664684267448996981333785137599644
3697442632595798218374398878589555164245543132142116552877258522313976325523456177844488913667916188
6625566647115726129226883799891487492891445467299986836222162455556274698677328717764838831651953649
1276949279841854232989796983312787151378721944619587244155798879927783317644354219584325944879438444
8486511354925181249628145865284174484399835143924482234799184732971216527219714137921329598989792581
5628796746522391587258364752914819416733634557792811139696614434815467664621616411616735915361896535
7226996185768122997152418734699592853154186929246676922267262591755633457182313812482128137941296939
4422432934897753761118359427226334916942428319778341539791121381155569624399974744618157993754445473
5856258686747948762382431113715215242983577744155233915185131581176857828857741749267178293161472886
3987133727527558374395123118678795447991752728256884423836252796397821829166343429694956186215633648
7912146611679487122727311291344641181357346673273458856682877174587717238447923194742428948454991129
7434597882654765516763169622786851347269883976997614732471176555951343696288665445148754676376877574
7622584892972492596625982257154536756311154119749713517798661582527254968791249797876222854471129264
5893862584997278588442471177142849412233955756438585329785496951655595876981446651496152639464311338
8863387139581853763963527321725495818452913158929659596227798171616792113456333978745164691948724686
8542552188859972928346444884444496974896532353595399518667364198515193746333356698856488755723326283
5139363976648629678292674112535386242748595599422986563542677152146732979893565398463599642813885534
2391763291348695663575628436268622747434818677265724258745847266465252511589852851384939378832456684
9824555927747937377972824718562534473876955572881296246389537685216146396249124576631679126998595728
5147926227367323324683182311253369431643499647578495821396963599768734184296232916345538839845311168
3267323457776234161743736185569649259778852267437583227285724897844288626386712131591221572898781261
7282474154665466635657763647682533739417254515229771615587879132358137997417266666294814785738937365
2967651863861728715745377579315133277886966292931118183937564931815298522828183791463493819576636535
7591345156352764144583945463718617189151826645262329655798588221265852947884323386792226932797756555
4481346362657768151726891359475171741829114155398148299134139573321915479438515266311765129566885532
9253868256862577357991933814817167614614315822191586614891528391517388876121513992171858993515288732
1713927661894262987889397165981581224312377948817531251448544139631739351614254218351374467411886829
6456337199327974914888311113574625182125225122924122573218574988791499595777966975551339289396579896
6983899148173928832397494313573285922452553385775886567437279926797661943688935523561128445426757575
9579861559846442519779787446287813759454759429468936498478566555373735672176367118617898316515619446
7149393669532661513814115341121883465542977195525973163592499998836592834572391399187766987944151315
9764598464977545448771316825438739695877752537378214389799467347934936457399973889238182217174148357
3396126533852994881688532865116799194966666992446729669732985264226177684482148763994959878868724983
2498149951764318982556966698599172971982432512339377973986978727292654432967953866824584299437398792
5356639595316689846546146983382646156441945468481445743338312654664858432257815177433361455495435236
6696592614557361764898385875816445194396799329169812618739478917696835639137977792236634859483224179
5271522768325848133145479565838916742616133424632393895679772515352539191714883595128864159113239121
3989183196459784393292271435624161538897441187734963351759244641641456377327397522382441319549375297
7469234946183292293795519915624392561486811898386119352869339836662342714443691526454578262522255557
6685956494494774181121145539256884794927554569697412271261143281731421228399918213388138985661982642
9831962936191796111737475336446628537457465132427664417325999112792872278484845425978442279986534549
2611345819754929496726915446135158814868455685264367337379595443674164943755782417424639157787816332
1895156535971754191528241586836832425564796125839777846461514423224457245536473547224531316174966555
4793616174555387953785822631444975933858881848212769367635515662698535656213777658269862533453159121
3563618726172252514164432567632613748816554939239594641732129372272516329292447454517432123916647764
7168314872312416753122695591396245138521985721686285172294562913462152116867688822682866866576892899
1877513795274526258644139575717216281495661654582391914851664726498224983574922268375741486936714448
2868633991988241743827877935625669995919822216357267319616595239627459523791364735985934345668326515
3593752613653514157848829266241579363162959883663559253974338845389771719453476768596162346592887478
6247418935755489849968622191547842352852745862478979149634822812725624964669389739678316198312437697
1917686274781932919315146698663919686758387292652997673575199635241624974783735675848562791764171391
8258253633927344584943844331347471842155355832184319366582862695678635879171349857479957381281483381
9528812351651684572796136651363778854655759761445453683277445715916981678259368629853774239636315811
3374375767934917923629623922261371688212857513185865547997647791338656374122338517239961587267689483
8963545546463183237785338977133365697957989432831213456789239666544366739213985354182411141459925267
3727371247895774868111936238927229388391647165765657188279334982935941583219466638263899956867232831
5276426635852394592669829489824221116926349727566485449461391927312166512432939768584756361128118616
4372398723784661854676827664769453188229954823718587542312944231262623825577331542428847377382966443
5142541391694979849566674662353792716869246664761496459969263838798892152855279395419331839414547678
7537759123613984645999194887674764222155742291232271622273445496211517255243821448737684349615158651
9848522836997226717829283941595458617676119119964367212468829899487761951136952714429771389528387349
8162396156882452542798456664834894311513431553811179523483113416813993434122249818743948464837354389
7642321552848737187691345398192221241365248888795365692256347139982296557182871368738788428616631823
9124623985263641796961319379873373418229694936749313294934129961834263535978581177869313158242137987
1121652527655561521191638933959144871715768523226587683273937969556157256333681254363461552613247467
