3 100 9
4357266515485345814861969253397655373387671161188561571547972548432789366122454358849349512238212576
4457878264256886556233193452239398717219575519171652957338254876558236271495185717464122331882521751
9325798526313918584131533519694936817546892165687344436332679532222933264861668549144247792624753617
3124239113113828847976713383978152713167939925246853825529437725737647547824444852423827467912341726
8711771718115916873467333335957425497391496634792989234874396714818343146474946592293512298578352615
3514647482488464653124745811964415577617458489217696485376246742374191679328469834177392345379815974
5267564498913777219432695455225714931186733748822771333214364758689215712398484726754614639714793795
7548134659671379559876171339923764796238741976214142326488351254886498545831355679198712818591672361
5524194185541625351499631552746118153795224483233262157323879184378442292633477475732295654693335261
3198984917517629546131318869421727725277376368727826279662949226781282317945785316339278579324714574
6872859576314538157624637145823171583323223233571698174824559359771272549517178287316426798546149621
7343262774195431918542382675566249451962533352359483295844664212773386168539445583255763639838319248
5434397517385921835342599281584172956422371883813155321982683718356421655552386752497448656768517749
1288129152269942654942559773233792653824593494352283694846779241629915281811462553131761131886971818
9251138968556787253284185965171737632647689721656287996851173698462232386917627984752581489419941165
4118498571179713624879588241668656773283311757296841618328663833437718748783812195971617639649223721
8692344771536457848866857885641968914538531744333956459597765348993521336431999467842819378455364876
4189341824173615531948528672627558827413396974234691935897484775963983154719874345659886545931395183
9411168459616689581443677429558626371545214493482736142934248827515631834878834119177618115558932395
5912578371318116441395139482128376152283772253267473419126641865673437695239657179884375844872298987
3889797218677694191564247415988927897376641426592248225724754258987231224265285496464257172672893834
6452399199433656286229656711321298764513422365731133426699498858642469176472423476433217715795144775
7498967237773822867184782155522574839562948372752454812788317969855759323126472674977165736624597144
6947452867361432638123637267449173227888889212556977126796752458486652568133658293547831319416456866
1722556397374494582131886265132542797159328815322543399665938961276796563594873625469666292331274646
8849994665869443439827136877464328596838648698655726148263242942374942711924573671652395369812715831
8736568532295791491232777731735367734251946859479173846466337913828652712418786112536615861927314883
1411821267546727758373559928356684452565841963667655824218843419299254724534133415922151187383132647
9761772156567522493993337195465256799273494183576836127844691769926625977135678185869493778873885716
7882566737228942368223342593275951386761827365751791721527887979475313376397186558832781299948519175
7462392634568533848538582622913955313938174319365311776196559846361573481646639712596883932772377197
7253933599511248694721839211452982967217479727281998651341923574568368471685585851435973281519946263
1431349632437287531431391813819429762919959543132816267648779794387336788833692954744199859258744771
8874344118542283451377791332512486352759779532491772766591754422635862572926758268447911382173358572
4434151667463271348166521542458228818552186351675886541219188721195724373247188263614364118138922273
8792346259988394695952546789441516535528473656298838461914366225331214386141433189241569499778169442
2916371963149411216457438125628383976622273611987763765727968855454534419681518439438188435419522914
2395834886466673154441382445863387718811883339684356452348158455651392912541367288244349353917587941
7995943179458838556297427293463959922569785861358615419434187747749698724574533672471117561184251149
6998281879939526947574343569381967599835349889188816459483888841199316329466981129557232849618136826
4392735452925825623825914519771561194535459484618937442497385113472835913575723578634294717259991458
3253818285388223659477669235451878172287517351348452554888462286352526177232541213735657158758943276
5764874261131579819994284584536699682876617769965568678489657153185164525673988669233739217362296327
1829979963599668965381962363879482791699816848599465385115794422946779132547426933424162757895125356
1566383154322377391985648265923353712396373648172355456764417392331694652517342452877345874892226611
3743462137852774464668312518441489665671559264148981124432787655779887428353259637961138835263997616
4763183192134511546454771632982165676821672758784699874134413629665284883468674997953674822795928151
1128431494549189738716238779997547316679913447454349931584147741244345352199943281283293689341924933
7223962859723311889178391839729481119921476275787876443568952117639722237148431371862984116588845611
5543378484131258415759389149189865671239531557597466167762222931578158663881618957679837468865313111
1799716426533819744346634275425817913526396831813319372186478422639198228621165154899167984111966368
7583355285373739357499556651877569313449617891549631643892373727125173465568213358217221962793474589
5938353621442499687474878524538397722842894635738548224885216581324775217528176886967918285543435499
2122285429429412533371632465771294964453797467419677696494856326296283413513116783482425554766856474
5739113655856929478118713652384759992897251423465698116924737114531362186311182249479565988648971332
3517498545679954921624895154396952327813436455327273236528594977649218375888774674312182951968733616
1251287855251716656468875973836485153466161584873172425571551769668228978562883241223518663414839914
9924767794797548717147915764242599493116316879537573442385788444244823573677963647748741476227896973
4914896781621879893178566221333561358378358685424534926873365132552798256487427639889891572193839167
7711283692979728734957243589969546771682885629593287897998987459619752432249685856832313282122614584
3166563314781987722691899112223687574444268287288279923417779763468831438585642746359572183575865185
1842193612971929551734813911471669564827176963412663618554465277294714378759337853651668497726798468
6916445457299916127815212918118491565211923796364616683559472888579563315277467552262712558426116724
2668321985665491431893699534263495466946928192536554453565676937684271428214488514291241715146159918
1811753172724231524792331158533454826662643475492299232112234876578877588576593923155133121761128119
9782912364924223117784216553561859919167715974444685995469174892431815823162291115894118367873313756
8655239637996585514171214939649342984368961897292816438649697911962992267745231168626346177917325196
4882736918857813746878188263481531187583348853578146612197268848569862986154333659951498275148281444
6326995314735263849398717629161492284761969355236664744146415966821424284362354142939281639155451437
4587131132959887436792474246689714649319857461423545759491266685565416173515468355178347817297256552
8299225361639664452923212624718429827251684737774813778892255233731775389874721615294518948264878811
4424133156999213976319716896423254766634989123448152571719612442555732894514656763962483757352449593
9177666221257265311591687734821697169729294132197221169677875131219335554698111186286222198726769255
1421152858235317243335721482346869111586579834311911128634698396756293924923461291466542653891793842
2495583265575558684668396822717696831619829579426121116844937365974589374531343736695527587855995233
7758485812289586886642254658717587527538181159997279364627191734775829744548327779684313896139166563
1155329256423936915769685189111981591127447521853919581691271397835642175321621441465595273351781125
4512981147646357239831166539589486311878654768618651938794241969885684578375766782986945812182444666
7326317976812482642647841522343654229959314342851559561286218766359948986986829783522894581868133852
6517892919238162966377366424741479467791466281421783525818471592726825152217628651878688922663414383
3849826121447283812242871367523913397968928481253219227962722774654856492848999434253969453123738829
2315574982799822425658642843895995966964542919644888214939389161122392553777469346618511568737514939
2927919632513588459579457165565758316761415565796615589593165211973723714848488351437253935132479253
8495363795379611153978414387979594424481438786128164333473693844396864721566711381499491923696588741
1819716784543983525438945137335659593846773522341836795849731427983935477281182445762294679463975193
6413222718118821272962879151268847238419161537963548126988312146592257971414676187331789938486994187
6358687351398956614747228652196884345632125444496421419752533394957631192415477535686983216643371293
8379388225281792952998751736154121178892294863791895129744695545815728594551186361613939837473835387
1321323217776493496751915244649198926868863759829164657728714441114617671665768813239746725145171421
4238586282398934971211785637269533838637443726686169712637214759593235436678755339323366997948442294
4133921913933847677351686932839475275923529162392568295383518549129513452176191232942444276514747733
9499133562956312263367957592299759693315618589159124364863298172376874826825975124991355245428226891
9153586931815952934319983729673218455577889796221259516952262663846875589743375151296991786282972956
9692695927765621876123972637126774859514871476153884979782235587722511399528365528543398853553715677
1388623452518284878726861519184851125624441465972222491896396349466766732675664828848888855236683682
2795647685419368129615619542583998352864189341678428335566338879978327465134914813655448385282611729
6781167451715159381771414331654143671659524791429437194855232417429244114546892959689587657967329751
2811719924663839958837413133867799446165888674495871959888665396617536125195761294183829513932782929
1762741437384871956667521279274237781758555549833272249735622888955623658774555292422873212646143392
9123782673959819775146998319832676769431713228543224193744791159245721962792294293276745419254547114
