40 100 9
9131554898782348961914527661842963931969255447899432737157346475898495516688166876569417266744615675
7995734454656377177394611436732815769117429713526726682234466462973695212351217726647364314384834614
9899576674143758249947828742145287266867137299573697595771539576568442212538221268451367846255626899
8552515139817919227621973192359852853719721466389639613227858683651445398823868895327998697689428376
8751132432698628212931151236773578767862927352662763591563763165259216886224763388923656889814819187
7288139537483412334657228262183499376385428878988475943136656184325168733447815916345488494529846577
8239944642214262986979979396768935313195975468323414935468121691241614219732134941429794422112895782
2651277978472331172791138845668888775196636321416143648643238373613876751819813859684493519146189965
3984194331312944839537824554316582994862989311448429869174169172858812566947871284219693473449925391
2857896523522736175137114445414549376541583521314157235714879578321144499573225779172145812929422576
2625415569425544735359833686491947484692778616715712311272172148271416271732542837459179753982445553
1413122852897776883427291148383618243861759184631382799839168532267285397652399849986597882495875435
6965939979874377819458461315615511997384189789758543944771138758914529192795419874775754352172984461
4387336891391848312923154247612884838969966614532833481579741974189671471916389313934344612738584929
4723689518592991424678954696521385752592193593212548448154225498388814819988271815247915393775215394
6962133658749178776662555737358395462278293481191494294528496826588261379615697631828175656681425325
5926231968791163339885677465375542671562727627887534936229324229352371369579623895664747862419153683
6191239641515713551556798839548354943692659833678443755279786285892397279561767812539652987329822385
1396998528389184481473164296388225978847996386815674578178155773997371895837722531214236729399587221
4135762475734549359412215724567314557517985581394332849325179498659734619675453853519969724112972779
6292998144616721168722495417625218336235793167957811779655968819146245265734719193516846126228519137
5311594525195847512614899259267876253144176722268691643924289243366672634681338769842317672786611973
5822159243643636473355842988751179478496153431516778486348415565494143777434428673626114175844543352
9996726262391586233875353827577763718327957368616375656227971437655977134513414175689354773252663193
4865936159454351795521771747994344995398239293433598348661124846482415887158573613464942513583157512
8881241342124131998843926197472283496864531159291213824641872721162632296146871191459468369418696119
4979936138728944954476528513735896789113722994797283688749237339937674121154228168318186822882383682
6835641767483768358394628812152748527455384143751356242658745213425356118153136861497254535912341842
8212347325437513581352866965186497881814342579544954846658615862261748817997592327265397739959485937
1696216418832271859526371855495291528774679427933916212372919791221442219874426999633944924924793366
4536534898766684972957446983843528237968397527331477697871676149755773385459984246676889645395363144
3283496991279977199253798234187159691344374399541791627189358845935211871749812173729989445326853649
2734863859569272885363638919149948425623383123776844124987471627244942241248899648521188169766945919
2336928528497976457516727391739388278627228771991657374619523536924199914748555689174697767745287714
6818281727228382543225159943468263613847472569554316249674816248153283489383971176955683373226514552
1477939377876471766998513426148257598284589558213535524368881736119821559197396294168821238129185712
6839557699833263674159442967562282151989344616162811363535511792891821278318181381124488213351832441
5798528274717976497123349897319975714449779114483668148186241347374735146386645495627694528979117291
5341536771617563392641312465994677843229983473791619392197547844651842382828921746846477482222474222
4569384663694752688229398335449246639544573739859416421683276953311845644873736281658692691455722241
6634171347334962553348683438899989555561272295995714537995158456459389232471141776446517265289466274
7534922255145277112793314526414913111648476772615963631589199859146738692395875254122993141318818572
2458857362345367792436587666588599871317453333171351296783151822293891514145989412489844665755367146
9697979448211596361351552544715564895879964244167398424433828458639863684911369918194994385462621336
6436161793455248212562588335436365217633725919399781232751584482693287271641647625682241736367972631
7799766322743745713115597157967441965888867465323359889248641855257931572896417227576359661883716677
2678489284186595982847346898451656999433381587939793355477549215195845164256523882935989181751661188
2197732354552446813755135712627725586142153237721281332269118785156715121987583695119637165332875631
1421544755147184215338134248573242524495345658784513315324438435154981341978973172523367487665275396
4452859172857887434895388859311453755697665578941469357424774534379529281813363822842529794562975641
7432912544541329333449577731186828148539979531819754975271671252187156832591887725361827489535489693
8528957526183453498967184231412672162182659616669746699422577288827268287846915695634378378145251498
3986848934456674932285727229898723258696642333397574263535646549442243868716919571577261995193591779
4739843999621526225918759694813158195481436964842346153243422842299473249765856294988452444872823589
9271453939497193151757328796287274838585267991462529759729181634766627816948268677867738753764336662
3271239559659315332525156783265452679149369371434491553944322766784638568851989763638231388537971791
9683121815766946166145146719872771911943877111293714869563916134285478257219961853936596943897576481
5379924898671311975853559582464493857259956198944477347413851767952974724896616122929493953455251266
4133353249762451294591268845534917412468645688924768264842523993421135584758796625417994181969569874
7754114448752645753298866775126238133341273124515976864662742964784819282318725746398264591993538931
1111311233167331666531391458473432728217892822619817886633344385265224123678282124961334659845968759
1575662958734688985649988372577374766953513615723251173931686544744649351277332967616197971499254942
8526336338218878661544876633419261997883667825347475513915842688272875622943298624268449132697662587
5452858662844686944568137585264335526383534789568736136532423315718614496516573489761552215641792669
3929736448899318166294752748177544748176346333925487891914416517556916988463288774974467446913589559
4575837745762629811995723281715562511615336918366226527791258551478994283155785452472915266657828897
8714252514549669351181892811627651129247635492551567912276931469218232317518967795372527674432913697
2197888277247225385985936463322191363342779352376653423689996486372887654658441292797797972318472837
9387154118652741238622153534855656641685635837869656964478822366563892326392584246418249537174942371
5137521257416574365474164891725245642599946847388563456344155861145143127135811112157411396964967229
2991944575844111385479119734458675444539224956237674646169569373824267694449592911654369822188825745
1297693516248839974143452494443195122113981853447757268142824989851827129698347552331571764148261539
4656263553286339373742513846464483511985481135542319795365465277437173964827738116532923442275912857
9349261849399231856322716985644455676357225845153764921112479946334935328138636781964916552756133196
1596139623847523194526973161669526395933364884529971869912262892538127931972926656815837626227465859
3179928457252276482891833323575931964587154663548215719999728222569623525587535666467187658961264241
2273585813378383428525267896134319333438591469667479621667244674791657279777224732141491882212723249
7436254915494751992931931382732698194383673392123687928425857884323239853147618434473871943165929625
1766354625482427774771226617917492168864322844674354862262921221273188464552535863138958949781753774
7382225265469636944533314182597768625627363614937817448111174481272881217659718948697194939999715363
5331186782262891245451465622612519722339496432535457347594144244849259872179138176183893693226655111
6815423763498144845495599822954932725981684481597886256235917548677981975785232782843254471962283996
4588552231751468171324255445594519895896379515119653351438557294733111521827459187583399311615246579
4637611572865644419614393464669326836436156114422846429123812626968588872353757857261353798755381785
9641389967924275776493233441721133292934252934364313898216868491196826685689636612616547526865926242
1953174173817688118495674222447366291753173429796826254598839123875113674283353757214338261523831874
8161852574145617417862551825683972389718457767745346289417758866313941242377868443861335555445947435
1449678781164953174648115921426572236315583629688249947715746896328212814199861895535976561571633673
5583921729444391785196753832685625795399352763396211722975939556749473948993573684832861449328823219
9854995667312539478818292956895528253337744971333515465777893351726481881617731172499862654449872636
6737692638985747727361769724696342434413686181736821685749613946998341417191873415162288182682756912
4637183144639511613312694699335828479391761246388878684412627847534377973572585121328119244944796536
6845573932224882972919334943225156596114715471541556621487416251743465797846288853515355475459841979
9692417362284715464154413818751356857697714281872631229155161782898979961346845741199693594484429619
8652314197832334917774889916647443886566345477787589352811618751546967894894197325139292641279649531
2231452782134569148458321837299117419748168841552733816546586387631886598621613645676341351436629111
7837143761515279148652754911328458884692568849754286729167696444412485961692271355188786123434493864
9724219388158763815288441789962722543266532421174929574932266476432246995747926686599924883167669311
6864913982449987769943228554276733891884526392882813187627744835629472397446559251677153922839612515
8663283788493463937526931752691843983178457765987688759736984146373348669632599454716244754654934463
