36 100 9
5725296672187798446223946777299555232673576778124648828279878647945514768145839399385785824271399491
6922652373354641979672271512912573131623673539367877198683188823341313445561684787764941139638244298
4665144245397756233546262463752154783217474242459649367148796774829427979535971288959173736763383469
2412942499344168457961415655397315197575215359972471941289752644812924932559889693874373616469887161
4733618617878514792148385681324397475986681785562131935789357788381666516279413189214282153777941511
1359682613572628184984269362328827449171788917742319613661285418954993743516498663855267383728791528
5787816116196482256443114831259343636769212288462629251662421542411434891774951599244238286283867752
3855813375338389517555456197733377971968195851474222131678666698992236523112244197325287563463516478
1112895255394491278541577953249319149781683898322779693949475933256279455135666663528799218531625126
7187753189494794537255491476343161782925551887767689766423953888577368329499745338458588811841135763
4563138479456842961744121271281716716887655162521741988568292115719745836626519523929247422881315156
6388734249681475559777269994789658776487729298742446615148363522895896451514312116189631417459538631
9677326643329227427774912315786847388729481979922471976239384856172356284347615829435549159927319521
6643546824985452416359176338463239799294259952869658388673298861993528852884653991984818116267696667
1474924488439446393624815432775964572662288236171161486922959818432626952663245879669796653696197164
7424259285896763616571988571319289664886494266783216959786689984287273216441715252849772311546724391
8131617486947589167917828226743335565722943218331141527132894161181479252544953733944323347222681294
5861115492514711737868149114473267918933565986992965531446141967877725786247179189528536549325986546
4478625382833762866331669964796613478229568442328291922861672938914635197446499436534991683878599521
9628395562775393756114514445683114835535251667675221541455775838233793556775434164329778489138198115
9981639484556514329223757984126271485672213173165817454634317563183744726368432227291684139239238718
7986835578211869817357232483747642468888235287882897231833664478283324473162574434824217667993923199
4952621278378217689114488622383879277768197133983368417583692617161269553591793711641521367316444879
9175743375186966544724871622525565161698292178763179582329964728474581484864325956746737187425773182
9167126295316452736847352268628871944313966525582427211697743367485134421339692691444127289194934764
9797984633588521742181165341436377319146751469343127422573242152341496164955728362641439315788976149
8251154361582715257459251353594167391852295576446129184988435412384842562469274549928447718788977945
4764669951944845372764578332441231284281358133436679948324785194315374777322874222561359866536338385
7724338974229565754289782297773683995684178589781431427369318856649375762255932667529187321498437957
2522153584524539927256835356182636971579923917143591728511797323875458134544967159463994186643266514
8291343569417128888999644618413472838735848591217857924787567517375221412341566894195284795762322849
3265156945755561441639487729795372659579457368546869462447575833943767749423784483584339215654254496
5255672882177374683561711479649229892354454372913368916788481147286978827237165159263154178342197893
9761926397388128578253832291364422419396348177573572138566674273318437396891866743226948726634951168
3646519213396426227113773879788369913563455811247778335638422453351345963974648939932438636834489359
5543198276172547637494411859694774515265974148667877335485533147247865188621598947939411475867313964
4489823268267869831843946237638635326684186851496188892692155651637991365165843246137847489679814633
2756663369655986944891193333136924127241886728751195172631229811358984284248435648319749713812132623
9275963548939165387675577251636739362255747878772228243754815927621871297182659939336543253861531162
7426518146782947332861164826637227779291355633523693758868965292427247585147627397599392866696629292
9519777233885971873287227985228548169357324321325839664782646665155518167947339767686615897936918596
8268877783534468352679127355937632242993298964665596997222143442941688346631198771265779544835887648
5526562374598745297324915535277398838657325853238293897733225985836159744974962595891532733474687549
2969327243523772413568474291839338625467965394474626111516987388975932431931168148156288641244883557
2613933748883196755497267361566729663515551136512496976151437652428878341722436426121987195657887466
1787229446584247487237357354176528314921934288953838339783857183735587533991783872465652727972314959
3847542539663227164311217156468695184898529188231272244526881279864583424734194618233127564626183887
3387111224625971936695719483962416863898378948938992878472762833259623931519365792481116915474949432
3412199927969549517361435277283494185325122569936599483564664539977198992791288943863227227968241881
2932557266221741778721448677247354236185754137843965341348528128796584823512758214654365393767895855
1987315838188686598215447282434981685671152768868197139926676714457134229162148123888894311686475135
8994938811961814182844362371126764926218967371875371281716954849419422311943912119281744884634231611
7688596738624785179476972268165948699357292547156314284853436593548624641783548567385678289225192493
9981177766453428532378216564719898158367654215765562657589718872369441414246994181375622467422241847
2946423524433733388472944313343557531567485238556265768792586812973373522519999666827263765336583471
7246971533235577171593737137261264211683188159453418636989943685588127381121161369856783829337651514
1419135861755151648998723517356586272911231134267612991971677795963169681199415618757776851982525513
7261574279426851537783131429357682325413777869272542381958236352229416166749136537443937114952947479
3184577718294558223274365146656791371767589399642729873127548585638512821457571388462365156431784179
3878648736686229841187734383112554625774882875943573521556759812295986813335734985369536323379945884
3135352927524277994986913168223828182295718779571255266946974598454114221818447256772636844874224116
8594165635424564743627174297367327312422364948255497664656357826855112546332813185259798757565378515
8288567166693892689221472223923441853652846285342119465694446259892124714919216125727439917234454289
3619473951755616818215926379482474998986142684947939681624787266136413459256222924324834916249329269
9542394172554643258812333946654538926952292537447779656325517648371526855618334352881573453217731435
7896893463718845782339397562264325153525546891996297624441887891323221388354471898858681798959797848
8825635978466199364969617855331795482895145833328474558448921356355534441329863771483556715621965744
2873899826358592159746382579949172661684734963814132681737766533846228557697622482153144465386553998
1352528884969127395382843827817992551128646322737459517449247688552761788491574664494884114687842812
8283717588269246647518724888684141152393543183573183878142956166397874339695982362598475614926541517
1513791523314346695543241142587653347628137663817669373411647924598997925342436922594235213723319337
7563269822777531883313748644472691884361519586797791341251316678733625168576139951119457214685489529
9492523768162988438133849672469498671926613391521363963453172784773199935483296448388734243867932748
1151138271921219974712546442544141137576633569171893926886678288834187267363198314732688366698931422
5633486123184847624764146792638779569518714581999185861339911185382597726597849421216271263422152954
5184754449992752182225625792888766762166952198731983231426743176688323881927395126431153943984328825
7664859581629724811659289616127144959818619588419251666846311553821995145727178773514578361958321951
8215394997336188664479296753566288682374252664953729773885827313135965838898158456896346225951445262
6691527637193391957653563962543438885529684187174364198927986743949424194827373485916278653977915567
1724552311311434931755979372268624623438727584137325356151627623424634478378195226539999126477729695
9792764754426454782827668893961361721699736122268672929139783539185158772848212784586534662588349589
6836742376197715852124747425746435534683269419179912539289914659166482623561548999271398944621255495
9891399275225219545164242923257415649952725353886477572119865112421881832653161293695687215273417644
4997622444888291168656997849186995215616613164113142766513425249664495691452466199684293421223967989
5666731453554678931655753265681516429941972985611692668475459517826934219271196265869579591466795395
6889537633653598628968699771123864598455675622789164967286549489856999628936631367615633897296996777
7652778444957466229438978565847338665483223368934995768135224868679263565199488862339463588173256621
2398577722636673628287885191183683572865116895513939315735875296329332334799536979582247145661672927
5549267277629181629656368494975526843492895824862411228448847768995881566926843232342321879328692769
6424184652614696219819229451877329676699763396863694557151423622791967725328237987419712978319277866
3589642872669379927741372393691761879834587591978245626346526666625146826956669624232751441763178443
7713976112658319413384323715763622435511464965975646665494267835696519182927259324411727795942272828
7434199516775916336522292173496137518269656531944647793356843934998943731817749398395715132446419587
1273175881312292677883964922135671926673698153484361964727734591828338155139663492555147256776718972
6291668142132722638616556562355757154996461161326815352969862224554724672819235841492755719294164766
4139154616658659452453758693733667576228586286356633921681147855671313688626599266711286198751129584
4926157953658373915628244461364935575946637919992576182678437528721584652956739887134773862322971383
6716633781326441323795485367831825728412142156431189255742763857615563187624743287643416622681619193
4633353671386897726433543518916915488755471289228792895253398359272615426788636414843668166844531554
1846379868928883868611881377387342572914619463911278571491836296935961886314217366125695221628462368
