7 100 9
4719526217562951427789871348192658557131461117463827512685295395337371434661196271522667871937542648
3469238771884473486536675549713813768688715875899894211792559453839337752684115158466862242938246492
6799738859336364659946327597425244291811282998336323924536132268492293349785356375149434881553633541
8758959562476335327712699723442656956117878285288557666953895191211926362762274376541114398856761516
1181329595913312936615797818468558834631689341624371817728649933112969247379514457722714366699937225
1717369948923625954116614998248788548718279434716998154888342853125375669641428635322992672961619244
4248452937876893766997538753772137371575893787843433686961466373413227887667651721262364583374252853
2123835112172436281455678764116193242487861917617637138632479573646522356482191711611567261184294739
8946573857463116392526169614345296315913597566649256872953711192465738879817736529567342459383436319
2291277918496395965376143738522321662364699635557711957482234357116126719859771528763129767171352123
4237678332266339864282888645248332575621218413676267926547122245632312562578113159358836584241152734
9862316658239233113584393229983214263262881865779377895194362186322567961672272884172776815357539681
3542178353276953744474659837126329562887883111318888741782634763965444965799234616581618939371221466
1566614744182218129677662791648291712777785868528936558754263542698969111711929454679615622853642661
6654127462863616367868381347777764236267293877382321724292648694241948745369726524289437938854661637
8917993158788399119966672648972468962638449845947584753631987859717251343165975218459382158943425726
8785497698263761542357435839397679635137125271764117654212967533356681166637716366945933831111661379
6632163436332785161733329274754382444667977676731464542941297643966364959391942888326762473581499323
8674785555316247255991934853343584582695331163233289792849553455537945236888258927121635461237815717
4625416112228193936142414326651885232432293373948835882388598356188385763932494874892619924147525423
9659147382292384861967744262966368761371579584284569418279875535353451421117531588235884461428566371
2244167695272768382733798815116442744259368763424898141854226196812524514752684556645642427559224247
6378431222528459598417396556435868471389154289734554811593339778591177332674162169497562559274751584
8123626918223376487977647195445276687366953425885178546149581882565252418533667245259563829115711215
4318937747258888338979736887278887864989693156863263664442813797131497821244974959832969689545841258
5927421496255827123134912679347317135186631863278417187695666722652382866321656798437171727261954941
2396383999744158533945585311451117183469328513889393195198614377887951717926714325362568455483829525
3228776175997428654943878449413933994666326337963464994355583214129268319225477392987377629582113536
6857174333793699219551832991423978125973854973469797692999923274515681493583623116271747755376652655
2854122823151491326117552911365495147389993724181291357523712449579431136876994716783166945185996749
3699286758983379376297248866684871872832837523453723696937745752923799173797167363511548168785932459
6199695686428351552452719414472991958511839456245643922634537737691273822189795683692815533473171453
5469266624793238186226381342652358171836129158724643434648118298687865398785189242558366868751424426
8944427175827842214491226132416342392818412339766748882679771723218842191949423199399656811426261441
7188497897676613624355461957474137366536342178979834437255215463831141944359455453615133294228855719
2872884219352585482143519844999117873142152119937112562587296515474359157961364163661899775677914268
7948794998394485878191487452863929461778617992142586883945633361942448445148966299283848319393588817
6434718164625684722236151841235121556474831447555791698217549753587817147165828333451156519248635131
7369978319828648527899837896935166421827448698825878982758771327126863293434711195378421639825646793
4257866826676196228756789849523876462237525658226129427775747418792965418438778958489888728649539424
3562774487431235139634137443971223529926681273161115884397779562767236485354617662446146216619959254
1864643969128592495468175773389293216841693993643281864925777745724876681157579334674818291635473741
3993582854644368457254818613926195681844643481252983616982384363352987956521355728111262974229566471
2878193888797196428675255712947234238985334373185446321761772648281542548447213612735873635345936211
7374559759598771333938592765632229811124624952635253511667185396264283817285836113576374194846979358
7266196561987987247555924573767689146233962746139719982352699447585878922419641352485429139154868469
7665642468381222238571381478562883352839124676374157986938366922518997736985254998799346959374392586
2457711783549823581931443574989296877633266644131261443625723251492298119288272848513827152128445743
1368784783729899195531692742758694773356594269884313915718991771346386135472691516366151113626497943
1479933546973188291484273689812658654465588184781653314931674155991536846795768455623576112549124914
4411913686842786428462149886875189756278634322322395926528964397278789632686879667524656535514117261
8474697374841627241344575398522674126356919614495385446197473654398416171628466822512789446644858947
8669574376835656345118755992244642481215447778988445253492633833772775322781453234648951447249172976
9438335793191321411981177627164349636985935591651529164639261687961388289715352453844666922515591729
5322877554843531389416123184942547687331763323734466435953463141793547557956372285224828557595716257
6681937674953865218565712754774137717567562171892611212928727433781738912542481378966978918597576891
5357785391727937675412146683529349995728425684196228782491166215122472832763456191941494822882533335
5318343314875732825327945166272191624824841964933699369997586142391346118111381732716494363862895811
9639541748464427174185856829575627953697885816822388687737723641948975127556378858161773665548384896
4438428841454888289421794365184298319386891969395645947689714617567162411778632747963932391273319283
1742941698418894234557329774478838471378334314231773176949525759854878965332167797879158214696645742
6367559447269565611341197542459592958139777232928148394862321113488692862266836223262347186222893739
3395858987959311731284786257121447781778736669321485449561334341592352812658715714334975276165856382
5848765218564532855874762193271467478633337784978579691857562534272639952252683559748747144883924841
5443841636135466458521944626395421852326933916828723713141532255975355886122296814387611583251137583
4393346358957398426627246586617352684739392437815841748535263133738388486829617333566799127954887737
9166322399672638365222753943496623519163582674189919651915926698172362381443921826554827264343218628
3346652385666113256676687897218829364729289258459459741467766494885852533389513814933275938396934525
1137923188788858311611429521472342951425142298927866113847821735284543242118742421392488155173225429
7925695454783992943798832375352872142762659452339921958639694211883817748574345531619119452879988267
1392522212358516277171596333723592816438698234431281517297738751953748766699614645889176669233816344
3658719734963982938943938488855213833564297644352425227242657176544887339449676842765779328385948969
2119551444583871872545672245736392152277373291713932557919191591889713164286796696276524847336266918
4666242757543818775833925121338276778263722463895146615177638783549554682783989937582732543115574169
4857182925794445187166725128322371267641144151877971962712885414317339386351987741846642137955839452
7411561813165684854853914157758249612928914628839544542881159769682192662679711421656288734175291399
2588589737226518184964869438745714756971483155755847226314742748837952635944967443562675212416452335
1883963149891665177779328352812731988896622361472733437532772685613446623699298274567725626177311979
1295784295673328638758995915991682582787392597991643219857741123719763953534166337469335641532133111
8923526996549783346212536911976387848376687512262422256811199247726725262444172787171371827774523376
6775851881666777391973877924868584357334318646821612319247799972921363271628133854877727193187487933
1975621392812567625795751454723812761754554595868923625329619835323377254812315284298934276754614877
1138812454251245229956172767374648869312321777414844998585292676552418257346138132846232755436319681
1972392392346932735252759799833681449438946625725527381688187941844492989714173782913835355687686617
5963639882182477729988957498283211384192437184992299331463555836181866461179912112463862968397424239
3372715794573446311692477736455231986989632639548213939937778437112799182824346674155476868756781544
6262346649931682217254734253114931156767799433643141754169134898613387185851673394581191391235718953
6358941682118757234248721773829841511964668421848429972842794879211586948426539557367636663835644618
1336651885836611121647692813229582625974885878138445248329979789177665686659198841989596579145564319
3184479968943643549387193265957176844137411847582243523777612678313336982576571477823777276963175528
2528686242913385857288511544923383281562186257169856612654785614583643817118287387962457925139891829
8989632999926655477594317117384135258523492481279661129928917583451922473374289989516411445222465998
1762727542551132371319979775211447177234519398647264824698863577447329647822874291235516542816142116
4188947367699366513897438321315338536249166915157395735941594761449842993214183794445424614377247187
1756364514992182824274632974766755894327167471544874531351911798459876738691296399694874372626287853
5836838662625693676695592355388778666198378627871488419923663366439332475832643311147628186591348824
1554793493443736214674399847418935153177836746674886919832823525222349895429316246134662179364789881
1941962762324926143672114352534911643477417246836224289254197996725517161132822769952733517735398969
6962554662233899834444935649455637441718952477747289521597612999574333612793443935681876135543251894
1265162723494257238323864386641817637358116541749751219264527858926982974193921767231252956648551728
