27 100 9
8797239171283397354367283478565679923984176225256766714417365314411468923213447159395319795656969786
4347699227783172216827423766743851837818885968348378629778986746157596253641559265799334269824852889
4272871779586557331222382887443412167349648162747176398663632967728948481267727148645679287624148925
6742227714114458682574276696591814574527836984731558716574428352389883818561751725271796447747737411
4888651883798264932315634456987619184264243511315473168484455783938781879551133329817758527757646656
5937331511873472579513938146273767652369161891554498762255793695699434215699599352135962334639833118
9228337246453453781876732431428131613665141616913518887774171977277414868422735221845729134888725489
8156919411547459629687918372698964757613274865251828549843734739388782317618217342458822811137979614
2166367779294535942164646417844421359463572434426222629117672531295313373227156267731431883242238496
5122681961162818382676873639545552111698388186978637129839378836517523814846239216968214561258598393
8298145944531721465578642593186618221737151342625855179444273377786995138948575869313575754667572594
1864998955474953635241355129117952784828994193779334199171848524217375866262799694344122936475161766
5576583919332564933315532635515894161638828351733179818478319822517162747598322136569149523788452512
2185812897143631776822961737279191467567282428468831538792517388383482385563957863926529176226448158
2177299296333763873342543415584686846787364866182343353981831599542135523743158959114856898722762326
8429775316168213715966952177442349924345392394799255438153145974292428138811349711835234134339398497
1525486572854526659866773251855668577936345549923429584724631665851922737473369735388415189573774548
1677324919451329825781399139169272148344621548553595175127749586813769526368352374949767843758242167
7469969991168829546679698446415349737322215348358886558166618848974167258139161614765196669544486825
1457743355491672331381991959745774877244497668797336182575598545761148825253779858887362147977266959
5951165146349177483611871288173584979759464323549797799295276469517178538415884473347127894729163352
7543592937224332724581175539691535374661731356532375959161718258765417617364372553728965837597837271
2622689473497797632548843735245558467224132167731464338361386957372215319139674747238684418525574785
8145689226353879377577135495123525127615383879796492111941914374387357244164298535514889942374218462
9817388194321732317622271458355876572696534186823434925486449234795495989295899216792112735976821988
8556871984779616554758836757939471591864371492449349632757157948479261298434783351149481594249322529
8196791375584493797824368735992218654331282152459289115113172778747558517574455246268978922488283432
5637934113536799787246713884356759738722448221349263179589633831465616685537336627995451119154166472
5842742711519525446458566426981237162591438923821734855437531323948888497467645168755961726837332864
3783572633983318489127266423957336992182973483181775429584727684285829311925926574376895383359924986
4167112297771668114111498263517441957272193442536851313217317934895927968216972386697911772543262765
8498914541371286128255768688496681715537361695479666216419641661147855813481984872121213297899568321
8253479993363883753365481555229592298497514435829279571569718746833417719876273813969681414144871284
7876431673755112373638196256121952748238484281772786184916832979167437774944898964788528594412711588
5185512987835531976961351341826641811358874812579878589545837578831482582837724319412779548873221198
3837786483984593272289997211556896692177156195869132224665622966682479389522691181765774775226729941
5746763731135571979371218616137889687575622312355383264337145488168668714579667362998897857121915418
7264316464475284638786616554253645813577134253226458631536216541747186389233538991588943842385872646
8266582279155971115445742717136438873664951132474831972778859973251975889254715854114595567849443448
6719122182216634773857841871239792772745851616679696358356479537551711943256168219754298954765964665
1948511417357334338113777922523217662194223198585136796179315246256995689973558528739672677968817567
3863343817973547731817912772379366978931658769688199177772934197973335181573984724979778243412543812
7517644431837981933623798353197343542395397182938986366717761766455315468156889476657594554332927896
8524356672477399214516795624216599985164785235445818577447598623599487565381686788879852244788168636
1138146669168289559147786635788774443666791587271479947678548474915646351415488971558513981464551261
3551269663464241112691184988893451449497933675667336571927412945661819988432244241796184777553753945
2227261568788775855429541918139845285891238828687176753312235118476917521598567344621577719275166768
5888755417786839527425289919889476468536574839864287391267268783867221332574739552791465916575218821
2553687178842139635238775579374369375242777877139422128532353811661863253414642353535614356123831855
1226452478317453988654368976924545932275221976734736855851229945996161429298134994582727457932732981
2727952853282775473732764649982665946637427389657749324578444538541623722541815473263885389894645124
5219651158575473983235655677534812579846296562372561764978228531948513826527198835313719754578174783
9354676666363796735682591869358217921361488862936972668752856923492862683345754195447675637575854531
7335294499612188673727156149664945167623439243137719347155394295192458571593545257684841456361948321
4916324661415471541481991132783349527294241283489957888346323427317137342637775338339886344673197921
7285246736819496244715427871778393498748691457417452475832828459945692811844956175259676171722228299
7329818197619331314313961177493839357559943433156181794534758845683825652193365958154669571671316243
1867296134254454144869112227611282878931694172911552153946857689483672428846738336465725625329361571
9115152339127247345774146792344298519232469733181951628246293231855932873978689493418953177454617152
8811646617292832585354724892129118855818953357974658657158646327634782323227281457193927874766637623
2318273454997697761541635559236732731659773973954239842267934436884689263744638852592616248352724334
1434366527643645979511128963157486867872444318138252486818321541338371532527649998825958243714194458
2696421241949432651187168862713275826323932631364695963359443338392557298327513984775296956322151197
9436579913616722873439631656349642125517293435513321489498626439232788847753272783273343499886719554
2585732922374274913553924725653994238775162844228895368188438785965231314691292464782449643846143942
2167334332418698986987441695844598693852425498752829359467255915176288843194576653478966713871335749
7812431674942954743295468142853216678269465316995557557279489867694744971952166873253353911584555123
4634976156634226551718784582251186245962721154141163116411865888413222757124881668341869423121926755
6841813437262842454442615966217797976118156862353758678696865328286258284484567816588239476719574361
3785611998687961139646182114519193789626862385737869496757566578262668649416154337257973345546868859
1923215746387162393565675919922332561173724215915742387446733248243169976852977374124939674646992579
8349777771575669138946735447763639979515688814993177358958166684489392713545155137766832823572145854
3289661875287612273272354536915831997766897597478714922417397382513561831196396959659769769452794641
3897312415995568872886512135568193984615932815544161684963653191398346393333721722831113316834249687
8821363265828897511149417698115341271482574486328112233521324798313625612691257158196737263939935442
4865794691299472268743595867119765517997658479582778168949311769175966359655758264652782511715846735
1596229353948822771664182987968243453635154721925442284472589934533587568652819864326343879976573896
2688696711417688693518925115963648394467921341922897585147762623114884952196775196586311568852872363
4175217129212478763676449117961248663893331218457781846714191216258393755932321495218112811634316656
7752699277724716636884898832635825984779853486478667594765493839998146262245117627969924547695179838
7736692788134914782963734818244141213276296848351823621675914277998535451344291951837563849334297953
9578281712155737449529813513393446335171391817249994561995979512387671342574257285358123145892693445
1371781928298759848461589796429933328391251286385323713361372377592972378578685697591333537959739664
9238226983374148613119613339679986733655885494851837197423396293928835814483374381532385373177656763
9521787867785196586665613992293469728883485559767686369234146922927352314815215694185444831469397893
1374661834653381363136436312536932251232382326461443311763511122924161536772988589129349955866327843
3229155962661349525447978752686714644869751672792239763586182988286424587986778898327973631347944312
8283561442694974729874516525462549222957997797739987472438864882548956613592848478534199841888896854
1522522628828978435315695296397159429737247292755322716556912865484946673737737651669429547884819784
5645482914823195447581165819753572555851939544832121118469194239389948712849636365389256778945318245
2966596419545481675779629723282692782434284795525783527585383731849522823814665189825934283371367884
3945156734626753269358763859136656876325281571433368911142143213549839342524115547365962636961392798
9813747229919568133472265823476889432462524338888733972173284158256515677557418588247856934712539834
3582817527782593415762894839739827786857217386722954256447162948238187472391526394883557223648923268
2751649982524167841497327853337437437346558163838835857216913996197797576687869794292361494578412349
9187822746961833795227735458713635123215965825163545667134299715943453744464323315723261323652365732
5131789174816783346291729611771585129554731299269184689489778419344262483827337159481512249827893186
2748145719417713699399411694258189519383157919759948214581449898323827811665783979472961259587935447
1191245393988145227888476769431523941167377398729181156168367859298944347553198378413362129268646874
3381746485737829941631946893232848674135741338467938275587867783631943611865333843943971218274185783
