31 100 9
1219785636247379921386979815732648216362684549671921274775614438221964426772891144949896857651626343
7871188171478472682395222742162478868647576372977354865149545289598668513714477761384172844252349171
4764862577236957571959282866277164192354847366721261263928353734825936393766823132589232571181731799
9578298643774177876589353264222241634728146758179999327398511711126916255626517481173513872447622716
7613459368294214947416354942763761525412898553256887365811451614722359183753898576641385674173611114
7653196111636891431613693181149227521374481331323627227413477198225795542558498759599913319276624139
7511637938275798389466438167388459767197486943781737568446858513552139798431315758545268237643364815
5252458123657819875747377849514183128759525743287932138791687771978173792525666188888444574535523961
1181454145525346327773116856144778827187915537297882344626677319877729829635923168132782341566793954
2761756147873153899778197676934577272496847475652582368757194691383367659393477994741888529677646129
2125155973326327384321632117169238153713865629783287179492559688674296427178451653874543167816838855
9678963654128256686281132512666751722749548379847879581492369296283617382555894179676948461842963622
5139483982253827866922684888478275711214347761143828879929573684937266182183354848795513625888911263
4453141417285294566791231393775759552319916598568644734243873273273961681111899197175933611363899685
4721115159726631845594273926529222654774788739541492848552534445258787126694767828474645146136139123
1438371854676725647472349663678384988576972854862293494416328613776299144979353433653944232784551513
7482481399492691965545264612715394297796377781678636441445112797397932284892163598222542995112745935
6159221658231346868359824338246942632332511921235494226595849674923465292219517853525476799484243782
8578598218991451532746676694774895787253922394639772584778436145811819588153493149354953599719995137
7942166748857391113519479845151596239958264776523694934238482877661885746165824826195487972139246761
7128811516299222841675962846861925527357548381556829559958681484912422869983561647983383978519771497
4967941427685434913729371961533881692488889147798179888845512752189676347361269691451547471461253925
8565655587339361459613556256818213135633335644788894946691567987484911114861311159728283298119281772
4887781723313431154931731538974359852642246834466632966118295625395326576795346338165225222371542795
7431913563153891232213493531178651348458428223711765184888518828446917374679752157678369726836126674
4568985265175648754965384881443713767653649998381917379286761698163284873166491497982737188833122591
9942249898877391316322125583511569821514953735658211993594964987666428598472112373628795491588158929
3448124528513564961964456158919924328796389561358497759846611655931813538978327687296829245246878912
7412459269398827698642587958222286716892882824281415945539921173338617537728854765792214666737326753
9757397778912414994942152412715926375378492957644367311121619434729942992716643873337837327786551579
9386125421676883272717457946564973267626645439139182592716418178722716323471689922164648672534398877
2793975538667948993642595839245622798493472476869547278878987323627662867917813772487244937223431324
7153722134429881698584652875184797979754824658354251917471587521557547737441236445698234331549278631
7426292355229776272459629874963338319418262918739175754657198493688873247175154282237131493792846679
5713836843387651951782517344144673381979272896416915772757311172727998746368379395394476699832719448
5527655888147777558299343358369414715879834181212943993137965148864564939496376387587952744141387762
6291932767819522418949184354747912817363393987617946939617274986424953353462153971332156722255117724
6678292375166545627235154747333754565255271461448584384892945855336449166432631695141985827238538499
5933435633721662375784528968643626338172128814865781538537453889789586436842456687297587846922884985
5415739861474676712331658636367967133417719646868814264672874297941855979734238983169136826728384519
8592144485556934725939896679221576545983412223619494869186552134185629189356237764778461815736617868
7618687688187598435561893286786661893568276465715597317495754219323742566297987929985236778911349492
2258932643941531278749265979625394147759738667154338174359567778136642221843868953873994181728616387
7662215685314163588122738766357483488692585366312385725693134389119472871656563272248885432337569874
1319282216575942687938457566113576779448799172965777629749124813675712266973243827464398819346118831
6622753235172435845456982938114335956378399677685243759141742318898678584271482799633238277717331866
2376981351332952466138481522199511559163362334486811732978966722734487288314292157767424569274735635
9498913294592383657447271222256171397288256389278245143172871276147584489914524967446226174396189498
8244693797936586142411169215473967617243434362342617272269834129241749281813961988955235113212256536
3926431499176311375549437111694766412131593161478972983266898647282386484285924894913843471844943877
7273859947686472748523435295426336551788966763476155735991387165738291312453385596961398987565151524
3392935268428347561133435785622935939748558927532579744562316433329694312142915511675556971295251649
2439171317438131163829411355546121833163617875966534246814891469872259171466325855925486349421527871
5568288192361824929197826271531976918582671535356585862323747183556947395326451723878426843531867641
4984186983443594586962672434292385666923528142925379797781762158288515162776376141877868933839266549
6777246444862621548132551223372156613282142264212676332471536551778293121173325617252682671589947739
9343771394266897577982614193926227387235712783425152162311714928831893711132254262233332872733918411
2387475734539496279577268647241586157535891843872144418982393495392396322395141176346856991351124741
6497561883752554348174751159326694888738123236389582372491199821467139284117626626815219791291713112
1663472636638976542928183197115619124773466677446694611289139393852877129694431685159174423256772441
5834644464646147423144716297279884125796152769368997188229457643421695897478934352771884216249686618
8267154343754918943771632199257461561559219953225546548599597892875746827116953573286583226453867591
3154798623771989645943566927443743234731594467512245328795653373921984867341112162192178294627822149
5916579858527889341695896868685915549759121944637226513763382115795696795421873889419395269241743252
7778528128291923718231682471423434965421669544943763447814445635523421972437623626618141356717894875
3566968542927562985533433528976497631949745155263396583728216369555169654359272668156178375497542919
9771536779437844995288572684579241337485889699552729811279419495371282345986685289872753766473983432
8587446199829494371758861951978519681341452434866942962938143129161897154996974624382443551661991887
2419432296259581339934384326949976216818944576767467775163842893791378621222432774892788781722277972
7585745581167286188562163553665549176678426156586251732271429982296257531169613327674987284225954776
1794342995797978591679985884165946828722116492548729345182138724943817362169376535929592437811935767
6338882165641156977954116364542814958445258226355369789943737662798876441565277662765566954257942563
5837444784632742952819411693623942423585184289157564144221785831789248435341723254986536833355434177
4621224227745744655777985149331717244259379442699131783427328562373291718448242526576483148626729841
7869398834942669912485716411687996125361315454762484713449449634842983893269493659922943481784225855
3714389943166432896119253477747273991684529618311847793697426119521647149565315347449934139943239998
9344369835864544821478114388447799651684619478168326856883855746544533792811632713749666915986313131
5764737111947197146988961579319479523254164784156844435772295771618574736768382873556842554926721277
4433862887137527832391856479619428569195649114676434464692561687215962199582317961822618766473962242
9833471932598486826365532215255967465397713934235653833935367198135747515191279681914473222136191259
9749632876165468469154695746229936211959569477516377638251294416448892623376629122888621129928975581
3653595949414745998334279663777586823731654531346734517259927735611557694679892598534936465152413783
5862836913766667253153127256369292129274456513315339765252876556691311384269561429282386358644718579
8598169218788947231157689324532373225853536578368469968346563568993375366773777121987371137239814413
6343155993531139414321598493556178615489523965753442213346315117991148577338978449996518841579594238
3534444697115124913812834545433332156751524542216566128882213577881518133123485441522421121949148828
7471122156679669343365231148282998777537943983757328558167787156311299812749787741473198378216381539
7863575719848343154995357711932856662894887326445628227948711217852297883312549618887137957311475362
6941275198588154438327389819928449177123375556943227663579527717557521435656854422657788815517934353
3242256713522738331786231536591277665119213179152926228496619482157687692966598935288832586665173981
2215642648963186174389878838245548863695792886525352375429854834793477219726898648734861153243378951
4962498134666315192788735179112343614377661726341742383378653316651946373325572956416616911228836388
3397227798777562584426299942144297975794776959758945316674547966288598883871729454789395914161136457
4178138615223423234383125241813157474753452612155616499561732247425338152491877697577654385854958641
7393584536867387391897233371165772569431988378758591559279419886417523566845173396111316729569128393
1535399431472453139332629874621685916823331427514411438854479878162415626146395639651346446254826711
1518648247649368453276986645396431117419558629587626342945896669726325542799684723837933787187624648
9628839278225657255112682662153516612769659717819322967481991264931452474949744162796422334154314813
4232889563951455136658441157619168257461723631135744868141528113948671314977112873659712846393383263
3262872811457488496836684836913387248418899762815642235216599389752734545484284228925813861164677631
