42 100 9
4568217511445671199411583687828881483881488292371495569129324638238785287439411923993834544667167943
7665283921363797647995437557848567982378388747469977473899217396398988142891892699247285933676243525
6998346677546676285466226448164727265819455269474959643147217716871154291249933285687874782942155776
1289372248729689748955857586662336911128164158739982258417135985936329123373465682235976724614635995
9215894254718258529634322261756824246999134473185522784373281517493595598421926259152732361871128583
4611158167839483564161684342984492896358359193328563826216551548578665333912895792733779221197142661
2167538317657295918858784581311414268465252461932638138464169377347698847236669113463433626764375167
1953284182532765183786659771468714584163613815588266164993345341814885536917455251517631871159647361
1163372733742374615869215923243323521552789946158212621411512574581861615338562876944396748556735114
8975452657876971277646119348366535387775732779878245871377233343156695235419648675989973718913749189
8284131581321895345453239335789338236626228993991459395825517833239941395868759289562324611533247589
7337231735111943447482265377316536538298121175888964655277165688753374715274298761126316458751884613
3832213581395973548891983761977478943332826998773926547483131537959474488637352917712311464929182339
2782844583142359828376199932661787153298914561619998596969142171379711682773877818933232556367415847
6784535426858714795331632129867722814468457573969467938415367529439953756198136446282691134119614118
3758945519333244247943583869128797373556953118567799476819764474242912168629855546811792782833938677
7981747883274539156893721115213748862393346169339129268841151421151746838198336752854235448949241498
3639377378937325432314628723159999496511343422396262657952744264511988553332353491597174466979854338
2954584663758735264456484567139584928595855823253233517525883612449398724721788816412674756646198491
7148281421786548532187843269195217878479973756553235399423178748369656719533977245551179549386958478
4791122129227143884946618252269485777184657348259643859147589826936735715281936979583995153564921782
6682486114144616424616381968968327255972383321252283226967925547493389386199389452378923893926868292
1879933515646759532376771843558241313964155267175418771418194657254651382681265593844659575749247539
7516276879369545439246293683498765492871122866383739549126925476277152196964129372471962227335816721
4425875182964435938189266167317351162273729383864644845885113173939591519449127936532674736954258819
6564675919143111143812877946997529798923387576732849138318875216614174145392824431476576385488337343
1791651498979297244749788422667441973936537487313773958264822951352654738234291768993177318352352645
8834121449773699485196616965898795542343726254666387325454165759253795321946123291358888469182357158
7446376843291182893115975422522556533571526844484866772435136181265141179927534762964211412725216636
6769735512723486954194549979689381237687495545715699484826893292268456246156259942146364474175128691
6429714519449333826354364813816935986913498628754581895897199958383198988894972512917142482958991957
7192292431439453592248977451427984228664845527731529848482697292822917131776462638241731912729385268
5175152441722616537841546417152128458577598572449812335449865216579648222673682817719326542941223368
3841171648641484918843413744958416894695994429561386995719681312952391386965187585132773468133633178
6818781357635174275448443271643118132838921835113478989224931459783662565312858163892397122298869385
8244582562883879953253488321257997843534439639436923323643856893364428145546641572156975793944773728
2334124598651799224325324178722457226485533689196416393836566186324437229532385499289431889891876251
8541272821857998453389228418567634269753465214132728611538637122493528474854489177249417921466875179
4617691283439425873955358575629584352772997525364537749379735126715768173935364497199549265672455333
4448573572325644565396445412476557949854259148535528366853961474595189683252713468422144293467545743
5495632462212948744252975554359977891337255919975863874391942982786842317676521115894215588844851571
9244793946912278323541881965968454855788678742327714676437188376776718555896396643437896172145739412
6329734334423515355164623527628394333825248293555158633525915497114153231761419977497993958629242221
5212594279547828968948721818888966388671343443331219183793693598285592559829345812513133358185376886
2614976599213616495968171873945154284328421662797952845173961342997239264179433525327377878433491588
6744921342343627984659833468318237168733724279678715646113554734423118392444618698866383636933961549
2678778957581791738793465151566255361226163525596486654589394818785941969955275291898936286817464335
4888381582258754864239611494414723762823969549954912337976322494244346583198324197572288729551196925
4775493732281262134857759524421846598785553289146842584834211929361666638337767681714227156638259957
3271559556383829336124883819988656213124694582573747488282943617134244198826287579656337676942331577
1749263969919151726942559314614729661594572365183531398577526664472381618433212927123153257247587176
4329226387823591513931974426848188196297591964445455825557884241562811882365636226531726233512346471
8744742668427266847149827517915392186844738733728148235867117232384276396755721496862193656718724753
1446583889852113874388646683963228393389155728934746618188115457843743369735563411222872639691893427
8239991326585441531991322729137624523322929195455828914465325658772479783784811137949436265566131299
9342346993888653544896977435223232473931877552974631669546159315217689562114559585512548896526762895
3718417749149465391838852228266125132937962653848589364544323259793451781467951999574732679184712796
8549362633312268935939361619366161272779934778498948696296478213359723492451247465399724776343728313
3831232688935289611159717566577436517233463193592639479416569352433322453483812821237528486559888542
7495446699395664827817965672933519555975928916166543438368753791321975323452642754619364477383571866
2946683948665224311562736928396318162148934265881796257539833474889581417264822943122434553281724812
5535774944919535355657417619726778519921859929755834712388498955845423767782759828659548376285823327
2493298942357599472257513758155372965976248727695128463595383825789824978711623383732771877892435854
2316858624923257677949376484751348611745252534599677783955773625796993797586698513531843371755431449
1577689193566212145993565847115985637754458611591375424685256213869551957987532585743255594552466339
9424965927593857295681277939825774412641676718585768517737124566412527899312677448581556282465516342
1765857341833619278293562957511648562314481495326426769987372275352494795422118191739938684863891728
6345865861479227814821223974794477262561957685489142355676482742418771431258534614374291859421179323
4128586813396495958538849788172692414292593941167773768394127859387889476175662865227487722696948655
9557369259357833569189411143886435188539176332854275667435666667738952899719319913426486443815818813
1973299887161971844472774641567428476144837148942394493395144936792476434257331198766663288721433321
8943942381426494212481515298361738642985547925246979567894321292437453216792656559847933562169364249
8223575522172627259191373789233982949914727727523249778399743354979659264715728132741634777918583979
6317692489232223797229327898991514727767333185614875365278885494244689395881453654711251371673324544
6738522148552769978566651118639626646517875762851445548684456531811848547442839488894785728286892889
8535865374932654695266287958851425253285856817325434613788337831594952536329316522567999278812716267
8398241598648754545446747155232364597575795665556633587341238526919949174345528884858183371941742828
6419754424633222535546553642856389337891346497953658366143281888531326646653262141681693898956741862
9531864262661361867864675232342721762283798881723935946276422735752133494139533371775699136985259888
7435559499556727996715145529334521385583224967576418767876611264219166839168481859828548851634819693
2749235542648454248123198113442268126635187348514246916988521682852646492864175496719128172646654854
1438985656895747893715696868386858627369996886169639428437811284849586758294924245624647136946384356
6175948178696694195114268688289261647433227553772279881638726212588633917787265832691459943119667761
5843126733547535862285573389398531556274326456652884176881599933629213362931967225668713757258822799
6653559117873293934266723244747853426785168821316948975582317291966491923364731691892419641551354255
1857532278946343752197626358549678995282582513566684566672245772248928341845294963887742452594487121
2596145959459185821692259446296775574541866119671511528861116697372663372234173493913785514991397742
5762262314718826138136273938622272256355446894891193932764566564958491821696852521818233365515178414
6738866979863585515763976996371685735639427168851219711647774477158463458165677475519691661889569267
7367375788398523978486818721255613871895758163631419774168431743527348441396631275873424188835358577
7495431857284659372256558831391943589575132518476761411764921245866179398587327985619494662162532854
2928937838536932254762375616733589337578688187361687376769873134112668833941197282153812881713541569
7688423419641761814783445213728235184826183959555683138252138837854964817763866632192921574969719865
4338892139448668527521744271513784343689823485137986692642626197284885693351736767122632966711383677
5489675867448825581754529287534234262745692262464139397684856225254262147257548567176184134155344975
8255348686287564545132532927171463559946777275958942721521552318673235284236563646569881631845195977
7333258278516533955438749785549131575636575157814432272783376881455338136428744193674311535918169136
8656664781964313982773698577644989169964694833925244775824273861845452321182943235452386812321143994
6532778735388682971533133943642991877471216148567228319453874253264718884234819268513113615773823716
8176813426114456136381341321633355314877676754558727466732888481176463827384277694633331978774538391
