47 100 9
5615537587811564836798617529899811478929472829763499138152513558135651468913592598265954438325813368
2435699425377772526748766646696756434623411272374276111861585466594321452114687541163114492221628631
5739721877258533475583513617915551234725877179133765559335758121576959351836555994961254464422964212
7925766514461576564783822726627999597444155316855654344672334868754245992539615642167629547469152815
7939561341338996795156352162693834365657913551697255671613487484253746569495184525261982127448573466
8596275489423861874354371932886748927733645433981855591882956567764151834617466224644884262554482762
6893382628477236349346395132286821428269871394126373151271139287699414799914935926318426456669549473
9627463876414615287251497117348192723756415896774618476223829758484643224628197561698637961799397785
3752347892667421745418236641643516511432955422456559378167625783143198543883441623816223563461592373
3748113622989637587465281793138764324921631742484656231883774485813236438275746349344365519282886229
6484332161764912493574918646219981189844479556556171876461654662878151635793417893586151429424213721
4867714894641984512248686363848722876513845641435258594729585567292231529431775379729753869789285769
4488211757662596345569944865527745893259869893446656472586357672321348826411568645825932737156166594
1344314467931762832152492142575958143317229253796843256253784776648247646314461741659884637372869749
1454946221487811748623152194375399899464624288723421998983491434231557715453411424231762335566953126
9976689289866299148355526644894269271854979216774448826195319911493545798642928558332138521169616242
4523697563678633959413873466668456928668292911199583148287873947265835293818333274997922267521236476
4844357286728837562554526942119722976366981564695621298349421197348854733426425684142785172429264231
3362651116264534312715944194132875453913731346716929627542229166974518835434186558568366215218256599
9594962323324598834951443566883548853382187235584879135343433758214659361893988929129918478342979155
3498268582467295625928679342581363112259455768437618688159749646397158182123895618375629228653577115
6677273886787636474945879912839476979921627967752798943772211567447977397575566896494977198451292599
6579986513948519658266641168432349695138134926599133255537667772879729683878748792319489112858587915
8315446666325123262168426774436824662349893737911826713229395386147914889664343134488533778842656481
2779925989742424498373612421582162985226582295653982824335123946463626284379112927844429854613538852
5477373232444918924454394631421812559948879528696836977437225173333872198149576437982832772439448555
8713919164597493374332337595472443962184416299785739675294155236872261328935498235724794434677686989
5528449381356431118361765726156913951522779293347983678383583957275856968421159765711569931874228214
3657495881726666987426638451291198859638278373419476884139728685339144479188516475231914737941655568
6662226281223193663848643543872294322334987828327178833862864654152769274584319673322897844721543379
6541785334775745558578793991195178824516294836269816658769625479816586864861982766883827156762299153
2994475117866251276955968286788196536884813177968329245684946326226893558895813694158659444173632681
9498292467838769357585427655938579331942134915127126942324267134616234511725792398832793877668249236
2772876552823368895478583252123266794257966376574186315774168842397147213389654227114183991243832322
1361973939934655361654181788254512584719843217316182832684854544333591118557475156628388383146646212
6931927774176635396511171111141684881996448712862975687724235693315954753538685453599764792791736567
3837364527825444544779782391222454299567278485287224541794792214877387647753117364681438999761585332
5488658487371344237862599371444575739828397112523473281337549633251362488986665958784595263291751897
2117177466143781384492246932511374598815443157287781489797765119665511653458394561212832579842374179
5594845463745928162427475758629573153963981289816521857416828224847411383284851623115655843868432111
4492283785168212689437675128133492413666446179417567152325998394199247589724745434754756885514812529
2718313156313553281216526287333996296548347872545588542455334255393423956754593547985666175549641554
1946588921617616155632886217869423737463922922118139118649789747364117794536975442266869348835955113
9241716218351768143834869959325915313463144648348773813528324771797647381956829992456924997867912253
1853823414114588625986591177695375125315753156628116458569222618442112465158219577728379493687618856
8444213651767515868867212642561833573238939517368941574694998335561369829198171939276111677287125871
6412636823282415715585473992559574132496395286186282246893926661196919794444288146558463651597473567
7532991524611277912432631954869669515465584548367749635188853169627399497858241561531253938656595637
2772749492241244231121153833861365478155269618581385996286721424995848596167549391642883747581966854
3485863366289228397893787292238914168571395445461531688652491962693448678869917988525128559168265263
6297342781293666299115557549684663139434112144228495723336772457435189993261243292986896223239826728
7552557587253978642761222123557582623193673525279533793537879772425982939225693628585821472225678387
1423344957563626342493971335739877751313253267833468292588954283675411556424253745545187149852387424
6343158796682658225973975754126367296662425853614322467193462548244719915731336119739154591782417843
4196632538632929492593145744124359848869236378396218139519279688167965745697984512273197692552412196
6815572797479614151571728467264251536289451678979163662768786392297652779177955443114476578934396193
4157399144122979817791175117536161341548541183551532142193334581983312246611555671934931832924435454
4727643325477821695212775144269154578345646641153698578834816271854996879678729471541465781764122653
1392453837737453873756447649169585159792728553791675214956446591316657743918876567262718765432914675
6469719776551244345226681673346271466193358919178333768538155825387616748934493363732957549187926334
4416616433482837497282479772328967113961854722742843463699138632787797459942595861565611238971468372
4883629445529537217614377375277348821368272779522977573471497847929462117339411352779821269612797597
9885431448662351117396333986223967747935682222768732636539912143953651482518169355728942224675435356
7141319385254172782994872133191322123413496826237858274242635756787342957968374693547369161345668913
4611529611811523631288226786268974839423911516776875825523553753499515453926653766574995882262945158
2275669995512442758598593929493938295983121895646822737476551226995124195887296979439865615159251693
7389119334215985669766444456289514143452131285348249381322186232762622659657352299194892921672817766
7445697389469435956172762835983875837544842888514383349344315643271613872343432772451239983427379484
4813472474396518834283488433872823149521296619146679561953135694338251974184892295238322135985653674
7684478487343991238435856928276839849493534539394159136775252414479358588161384581911787715533152968
5965775699331364665337552935523282458325892661939476836592477354755994943647723276246593882679756724
3517586282412692489374493222197512579621143273371311682665132662454472158736426596386648286556174748
1599564312529612243444465832833155229543283393728647131724326673416781124636463264358474925682136263
7411386113953875544334778939371255429592179557532743434523981744127274529392628671624941237996234673
6275549178284169984252568964435788183758318223374312535558248866616246435766689164751997955535295764
9854773892737843211996188639298185759428148251559295328667619528586428872688426192913594585385764766
3947169499381511451963665816497795921529846122622249486261211415848439323644226536624318272835132111
1254995717413452986125499928698515293764316139447427135868953969949317538568818663617674543927929648
7879368163582565278546569152827688865265524551284732126573515368311944158883871148915569477692736374
1642178875966235184291943736627564717978879538151684866258416545412248814965829974643166288694414913
8119785564793677689964931743969725637375413114387756398464372628866369813279774513783653287655859359
9856197366686575592116245385414867555586588349556458556225991373994135278217295388397255269455936258
5793446325231499486292847789239833135141345468631471777511842842161925885564415374227613719236345515
9832999416631948816656428941319964352123316435923327422972422815983486466156322121372736982538348494
5974768572598676212669532942344929245927668118643875584259618462633522466827784131471633656251884931
7889539538683532117381164539697235873694338154898237924731686958125618761786435475411947715743279991
3818857587741619313165272396931992927772788177374942236476455598762248535851872749651969857663324895
2229444194945642836456324852721125973629447699273267812195328941327366532918142756556341484743237276
6863319352124454188278727598179421961188329812437417853588261695914463226132151166646769921279854119
6217615538931115424183476414263123611723988218647254877778812645863723612356386679429976214791554842
9786596287247153566767174796171858258882966431274118423351922637393554591297256356488851438549921914
3165124486311127743133715247363374817129261595795568445541713543135875786515146222623759295621937455
7279418974986373711281922799478899698723925884565135673972513736327723689516627368479532389755156758
7388636471479198169947971677454942264955587656476841478483539937351972288715621321192524734172776928
1744428777127631984468431286961738984734545787784416188234143693477577375334384568424743559572741979
8941599371979434556164869173771334186379335888427319742954268715942749563697652415863481822389421687
7317856539764975397912942243669328877235168114684764456894556314281614275184357382195953363417237823
6179778255674665888999611627285144333182954485843146135282288747798599545492873991264191465581894497
4856651389993348659964996861173468679989992858475893845836642747635157124588365777253727261977384653
6219616192543231998771115616465423897619743139989718769676131959513833844914232892562232194833994591
