21 100 9
1786299944735371249631266697584117934894887436153663568166539165454142712237242546561426327614553939
1388849639896185921641188847255773458892755414522728172532142569641274766329872332753637482826755869
3526472934228316356277751331559788832681379394713534265354743484374779485118264384113413245438279897
8173671169275321788417267295972547439555737894655347697957149445999467331294622177441882942626442612
8462777384253782543833366696869599794991243983572982289531675922699512796597878489814853725574461387
9664383841483512423278262962276846285862116642272557941531397326333528122133958196582274748496289518
6741753469641141747869463687661138326546443146614752284322779268971252798891882345382489894299471331
5897596189593494312437117688346938987661186148696882659156543559433877819626651767741155345641423889
7741771732981856852745432517872823761732527589184949252595178476756754735192384172544794287628169655
1862484438524129828682641686616321763954985819962884654475311636977994518719526861415195981321899691
6433826134719615474625149975247938375458724872523533276513572821354863544698637436643362349661481129
2773962874383427544754635537347218887377223187565799984626261154641449187353294486625555455761688596
8667228493638921196117587542319684679458786324863672213427723591675425928354339823863432427178655527
7271848864729528921174564621676275767477491169855945388743193483156892998343986987653783491193687468
5595492959483674378373149957217931149669752683397721499585211973563238581936355986125113927868151539
2373332516761722984397751597698451111227724836315212445415139272731746482136992323595226665725272196
7964382717355834412422543651759331193939157326658453138322723237395894484172625391763157473724597666
2298858363219749967328531895633983719843799922994267758527918642255651188317166911689562798173664597
8734928261541525783199356817374467135999873531956179929168266331787127794344839145362127234432156483
6724574982767173844557881763278836867982741427928864929311554693133465582467185956741824125448546626
3513851474882651562641416448784335855172424731951616432218496925495585581845824745688698722268192163
9361568692794142965879996933584463672249231371212837176389688139461739391831368295349421327767382881
5958871476532624945326514244138996157579712484773435439265723144627397151515243312718797636455131733
1683371826716456371798957371173872676272529145857229936485644819256346933475153545372339423419598956
8444283252697596838876364355774718346615159556931548868926127111474185548639959752437599261617825659
6939827247744458773873531659747242812516256287141214586422327172186143597628112451689557211852758788
1347159819592736968515463824767368586485546822962654551925555789293553256617895861377342765256414949
2186679278774446366857213946456396479691792142323488393774717266144693336334237518178633698896864194
7973227547665549498589373664116848782911896521548676577668119231327735673617678624816471857266956681
9661347529619787887455785113752753492972648853746669736651111551892892747158347249256568833317942547
3863444793177162613759239762835325827955957884724763951841856111914917147971287944486763812898255584
4879667188696717182241855332311677246223846629173275154154871315535743287515954255272763532775153585
8679266215171766343481472352978948636521911942716371735787486999421126333173982989197535478971881975
5722934574743966384719537869189647896498989998635556758656214153944534837925469452248151495738849497
2437994338566785636167162631354334414578367942483842267245159751454477661712485321489583654917449731
8276449326148486773579936236272627561443179759665645684692468298245594529649141153175537156196866515
3376965687492421584781656517867292552339844868527141878144624432442957983876244246138522353266968416
9438931253155818625913623671232359765331619392887338518594887969254179896996327653748331536921387743
8331572141696625379985927145363633391491457436375158852321239253272866957493679327583719148753714779
6732748257337585587519571495716443237837695624328395623848889514187194147736612115737369696556471441
6616757969199879744776692569524736353845555642117273663653994186292727164528277355898619313778542273
1955426256157314955824572414422584312141286511559111783115156617253155928389563898687751115731828149
7216687991895139226681133459436725538197432877652384599727361465275194817583514365132618711787523174
1435154818747748526382744318529735594842541762731797782252784693142645119589775855395162411369688734
9582913718297394912564383136571412828697539767193856154464336413112599545992163957567439339953882111
3228959375122367113485427352821174852954569928654423678614534935846561879936843886158395149621159593
4199717939127827586762573417639883547326223969193127957881968943698766244294212525485462667515617944
7917816716162313957745565115854483853313197129398314224529581834333181559269479336427638419114282814
4434427174858454835439434249957543725859985136743414245117624373214933667896475494379861589845726499
6186964927947157323771193919173466227723811617454367516921731884863399383784527365153191755884647689
7895944216274511612197629698252544373215821131459941799179376221158447483152462727598261273651585451
7957968222668718574642937422969574643647428759995959376129441776644516968133315842697255153455433821
3774755819511171582852863499485691718199484985565876716931123688897858242175194817735524794617565176
4445417985633171363146479931997327579717262933733344858139439846722962541922715145737779923976526587
9313212952664317119948559389788362519186527458793851781318652599647578544758231374274827831651239925
7661691669964945579955424544192349179853521431962227787716148956588277919738963252466337623544234646
3599516187133886793464232155437384894648171311952257541418421889695246313781268259735534683142361733
4769874379742164289383538456977326233445469955588449487691751279596335692987496518516523561329634251
6169694782324462663969933838879578632972354375315697265947493648146557958221634218275434527652849565
3992237949417998398891374414234185757535542778334216768879154343416296712969168319121978342636229413
5188496516646426546334433714375771427129383185483794439156745424399857564546119795884411164677891535
2682876449418472399213442821955878961324982633127898667535446612326334927346157173276862497386712482
1492874911821925974868392423431228492333459176153751679554377534183657774997265286335168816688961653
6456232135468211913872458399778779144952644415621758418493969395912929618889749554899571715597558646
7439143238428936433997749594445991845886293767675269398719554536587253888811491173152776564374374456
7388694413421984328845188777216987887144622988322998172753576634394911447178329338625627915857725838
7479578399579315254886143415965847133264163883875774956225424562843661631979577761767758865543996253
6785834799622887295984598721617599459558188446516135327968661417214673349916254829134149316967148155
5328613558482656964494459148325369522587688815334299758714512695373562814768664157361897218211294499
4215616173685798493345727787399823467863237649661683389141621629439684356543232874922428669931736789
5415493498411775574153476794982599456448597927276823279585367311375837251363531133174237189214417748
3659734753262888868717728686227221512826364972843919159647674485343542387687566149285593356747562394
6235261439292159154828392125446593185846482132524863168814524298339411438349128412855688318481556894
3438555896177813245774268796169483115637733675883318813258656543983284925653931341838762468816477461
1494569411436828184568899134566741385512482784429836526316384655862851558729993298618311452411239428
7519331176269931513155692635656639549587694164967365549512614454561796564966651743313927153811576212
9788866999922969162114976439949357493856987589698195839167582354251281552129931357942174584384751432
6684592312839191622595292192258768583378511464675673525834491792158691791883316516569384756992656642
6221239374245378297152148673482671847326757551921451565828552294698337656651643153885322483965239751
2897993835924145455643423345816481153916731498458477538619141439511515121263354536587188678185174343
1961161445534584493926432948227718919672311117519176628725516672742242684327794597756868247937186536
2245859851871691577171496458882827747316964445321429713635423779937611221277685958685471279534926181
8226241854521454742983153415464817277377663623321593976696773217496171351116867138874767629293797143
2148376428749842277262714485261167362876373277289468418557649472462997513156757547241793468148295828
6385584114536935725471215572516731667856156162819316959491769637942569163889613281978972461972762151
9453185365732215849923312785651764332743688643652883742159469291842991731965672763212146481773129254
8884278442222766223293713371191936115482515122546531687734951818519987578881564327419436371424398786
7414927159969299954316564836738369732876223869163554354569951577567633997993182186633554597646424522
5676723367854237759939494538451296484324913616334323859536131246532236536298681912321144582466954981
9736633112296249171942237834238164169514728535243393979528982372366517146143793239649811789768141732
3522516666789128345113768248765542427785837973549923936215232267793972426226628281777256152178718942
3262524996488529149717753968312311775238648828411196999841975518553115229336151197835949582755793786
9665974737124129741519828196971725773148529393221248555212318738242693725196468622527227851657484378
8734345179421459225153261332295279243114279873189435261971476814291685376746265616624358846684687765
3624769755717726364781411172838143333388838526786423154677917892384538415764459672988936944221571981
2931544347451339552566777588337148951161685761555565823188315412455245389985364225771199974361636412
7217765725545724683139927312464528463947475228251488534255243554389152637553998655167785487134312836
6158784185886524962172796575448244164925457577662728278997329325621968575117166473848167913188555747
4231944927579278887229322511932269675355975468535648795661416994471233891618724813422749862195998495
4478475683422558416991875986338298994642942767184919989823163825676486828955831736339772593585972547
