20 100 9
6272117118198559738476518998212465772997837684877585183851789411734734825673462396419589875267177796
4525714836425782595179969145419854183356967777558825688956912753154397746391193587357214558391196895
3499997825929213781157958528734436636827922781541759126875766726888536165279472178296477665971871566
5713255618684315164488545294841159949366363244463111189473553161523535185975429482222999197839517794
8662164667178334518611844157411124761193862372893413854171199643583146186658865348442616673113165277
4255463233793817721321249554739149928775641834363483274211873775295342819481436982576269826662188162
9516984915337534771279257974496274355382594397456144656443995688992315148952816179298158274477833459
4335188329847546399289263424139698868376454164562333619998844599246856137113226279852492921898185315
3943465979928449632778572888354148414736755845538896218522359977177477795185691733333629138445357218
7936822793734251635492767337346233744178114388966439446692513375811947419711585228594455487448151282
3837636397935155563696272128272739233998654881444795491897191774657791617338132268178186541839482391
6615165467228793518622842186499962554978382659716983475544476273364453623416942214765846393396873293
8754478718339887767826899614495293543446516676376449997833394575361914139288731799615453181827929599
2411173625544269765247455719491393311152689411484383179599979684496466135954216786746373134351159886
2244298851928458298658832326693684692465548449531831275557359184983156252684684726485178528649442231
1114785273988997569626888384823698824592285897989478316381947622835596274655498592914929924774545633
8266141751967233377724775799573989298951761644937823644498465637846285642898172663499129166573835216
2284291461984132351668178419558242976599843546162179184954558113166725979647683491565192912741785143
6672457548164674598528177278433485384866526337431434924667775111494895146949678525577625971456174214
4811568123757428345847383957992237228613856251534853773427374387648526836635886348953886663436364917
3411781423453351895983637619815722968265728974952745657695852828477836589557348922485121835897676837
8515776919164494296319632757892346165549318616529393344525268256557325461153122618126125923149297238
1955524768133975561457776641138635516865746826232191584161772481877928577348585393433583951523419744
1851967291651461478811296278264999573952913145278257187145936852823121333373135623634992342362665622
3776689441116443986286362443547437316317644681351849736116348711938489719767546666429824623443296598
2181621363743135495397392644729575675757382193754436839896451419492482628298393739362481389646642934
4987117572187144832472925139161941246793989122185996413473513685274551988229315919179624115159328173
1386217888769295777875691128416654469576336847918641473845629953653141134419796759324147378341811464
8844524389133591712372973425373583917721626485954341747148637728877897963829534786444891667669563519
9833257263654432226145276678721996799165282934333711587193861152474777535154151967844284478283551543
2397937555759148259478471759572992876786415865995918868294699886747649747273367831598463188519913953
2225573734337411765893941684426191939432393548928311313458978271618965152462223319829614243869227865
9569231433475846929568684927758536146742832394369955333139755671892571458877758738682549189884494583
3357294963326989321172559571768554882162797883251758225322722674313562444812819983612787827361776857
3251656464976452834672786465132884711152755384827781189412631487999118867393742146891926216785646763
1289443724973624421323196467446755617633853882146555391442992362226899647337229886938189363987792586
2919573875811292464549828724813481649389723153668934716779326374179478763356922419453421753461154218
6117376629775638414295531871151915358433985466543997897381198883468435371318791847255291322676271497
3129215577221721882489584199676529598854985643653253327639389497725189443719481559631477598122784269
7534572277741392528265757955817223452723766397849833124856756317434754417766622441363148173786614491
2889971391561628744733975932479848669549812952648396118937832543768611889488263876935735684972454823
7457235221477598465753588626625863686825569621378748748847795561591313685393424863659995694548685814
7464265562491481634958273745371491371199769136353411641211351586973797631842757873625481792667621135
3251154233862248365215828888513244552727721188597235271727635267347866846926681337521762749476827369
7171277877343684374183634473986852127287839694489813922184626676336786878261428585354979871252514151
4851115986136774641243374796337989354243149815264872953383171483818234564682663339951198115684187886
7724927998157653961545443522868712314296763132648166997253125339769128983718223241572516588286837148
1767798191595838713345854635852826737814752592117756289213952348347448771115915137583573617496266999
8634729516992135876372895632787568618747895736329174629829632378565481381856563538982172551615696637
7755146544184954631365323892788363259712694191579131211922241929841815141348919973952167779975732963
7555456214137396919778557812897723516299865371867224768259597991492341326583962637696247867616196123
2516937138112212516132665859655676168691767341428531513593269676318795175243231197699268162749278996
1843465335321656466695928678134484471774448941822993426228855134923534394678159961257957257628981185
4822447629531314729115164999637733742452443741685646143669555438944889853945937938716754867953656654
9629515127682267791542658549257968959766718929626384562553885525154351776334414737111428326995558785
8251223326165115888298185263774723841312326562389263498931655238315886379845527839972234245782279749
2343997961899561293478732617225228633814548845355674784925167178323129447977873379932922478483375181
1646613627525876927783879393225154953896815651711336245366769933335699319244513588615475997552347579
2127739552355785314546672557936742399833334537895949476761188638711145964858811412572332279348286824
9313672282952337387363323876391641255599345812999646384563459343678634784978955436769724952592619981
8256681131851782472199294646883626331133939736171449754386964485376889776447663398197749233699682473
8525553874358668877182658834142759834531231561725117727348187811249954141271246413448296512882368136
3843764812835963846615387288998371266521736744285758317316663295218378456658511497752393516985264451
2457311622765837867957698926747895282213856295176833819133786372949689971926253941338787419811783961
5226567354792912969856549581975847839853122483414264149442344461712557191521391277466763246481388249
4853676925173576296271386968264271263782473196553314732197335921195724152943588751576558473273281132
1734132184484614768873962839986877888436859623612324776427848367176687118739232771725568368288532227
2463992655539112931528765442636297299537192666836957898795111339981331567684666916155795352828962488
6243572291311539365133468338922424789164547294465176638984538266157622112986266723114455221847455962
7666768149329217882663246395411255138777671389824323699843214316475522534134139298567858862193126433
3659438885923619599877233638819734552998514549297756447189363993118722511961392652693257356548533974
4831825249943475329356379666839817475368836639614515266116551313457884923865342383175166997332172437
9264437565179966116886366751217627949314654953529282697541672152256195422895979136736378844947464484
6871579232964613974489557175979368484216534851731627759732873733176525498821954489187349886452837842
1833885452956769849536582574691577972395228666848636867832283772917886387941779431935871543726752738
4877115572895486634424472828648218884468277762247636163136154556797168432874458617531576228185885519
2543958152223278126146963882216783136418931553918549142181749258696729469825353232363412929783386683
3817416416595234327725925559156435445181699544876544937722549374262138628254745696327688168992316444
2225189634285557317491617836826144246672346518897633497511945978625998514489664285799529687913151622
2118942953156286654752476555146367214154288581292185871362936492484358743746186394757526594948149613
6275322247551222159532412911899482488495648779899558186839666735577672169857971726918639521592258358
1822217953827973318636227923361246664242852886317138291184188622968918973383938236465441157571891785
8387288881188856185945141962891817119381982873485886894645317186742127529533514963989351234322815295
1966492857343447353179676919167381994594253577653473371481552127238618457971432866398397624665629654
5233113187685124165633227357637954532738715553385873148313564263886657533744989991657261743717623931
1564688147335985942188959196176188814323443422273776999259983938544272392313249618861563258545386577
2266848861821195954976788751264411526858634133361471443824917543286518328369923936465529558455988937
3968346621745837394956249539378481564346625439647754786971289229219563438221758129521793493878311577
6873327888672783337858962134523947719665762367213597218772388487514117914621926998638261552846295762
2772887468721246673148176412957529193613241292563375648119727557475515225813982457416335974873794819
3882363361466974284277843238345599168288864793157968331227459979731235467155146411639722813568413112
8572396552734717766125858134466624432659331223242628631476195663739522177282431527896511646386695835
4346362561646546659717676793689587616112454355612281478576143348157542429225851249384527294944127187
9451888976392672562293348786764376599292719296184172936231616959336937881931647992577134249749653134
8622518971162559855411455516971772181194541217576116627465114676621459723633781352652655133787219266
6719974368264927576799728312113939665677986191867474169192345199673113641743998544935462839569635427
1612395528272916892518642487821287887516266957452569759986245158378723218662577697839874785618745341
9399379327521666493951528643742483325328863793775616964696377747474385965586722871955441473966578173
9919776178317448846963866824658185861533247142926916264559528636791375395563714249529924154485679913
3663672679882439239476817844299772371887773733548197958787364132279755778965248837814582167253678241
