15 100 9
5311899738342454925859834562576534796944182722614296818791719581263198356836192895261218196561517954
7932468392387251271199158921445287233679374396374976981444758491434273922483631128222287717547767676
8287159483377279185934752425317332985913556276731571651248344117985871156265744249216283251128534767
3883227568238241857169482281555992426344169568147527381231113781345721983578923716511675617637463892
5958479922858282426791417435923318948174412166392123661812235825195115515544949335959645693838465859
8759252327193479413662791437793194916927359434329752355579962316195659484161738466428423549337382474
6194483192284853961743755187899483695987251722467489482128112913555859626951527264879637419634558982
4965275956753279146522426398887346413264717671433733157541245819658244337521388277165152269178284679
7164722293598632676937913112369897831429428665162352299862419263316963959771658278651161821889311339
2979471124471597893499546325359986632683932157299882723667154512214483457879672491952231914396375552
3575921958788335715648176244931552515256582495375332447628952926558989954431437932282535774424823951
5485824857966876721467949548866531238363519272725927734553488985155611861998417914885375333335226788
7376858263424651893583491187541298968875286764817448981374532359122787366736336838792589155278637721
6476997454363719188336986886373591294737986287916486792573649347984134735588935537945838915521138317
5624818276236951915298715275273261136314518113612148399614323534437885311218325813415485134213165645
1735528563821695467796888776281119689374871398439167642451929797956419212169744948438288535611748913
9275314415325862111375931185844875232121634321163694219776396813783629414813258126993437624754115448
7326684852187191912417284627946685369252644821851452824726417765114745793932159972485566425423479872
2391132732568845812776882144956373985126395238251463122674453134851178961378523218752289322233586661
9238558588391834763614947661385345795164249968399392888873491519344226735324969528957625645319574157
7664578685549953339143316155243514444755196825616714243977317828613332451116944945595158762155184416
3141935482348162356551157584392467341687986169988894918585943354282998578414641937246756242929384145
1516632137579374447848428463842446629383619657283328775231923266381111263962227923647284559838621321
1839466656445577744418589751637977442386296267379143989482664642152295615256835459366384414661253737
1619243143928389471299656629259124456763767873778126657334676822783635541828447285521251911314445187
3478646598527999156772687785842443414274347136488138552298972541537427985728941258276796122732477112
9162763489151794249711397747448224365382825444436993313171749574491129787864848654836328783924264756
5345687869778611265375468375918974238978357259132326551827724647266843861976919119724851183198974348
5689447681336398373599446198426333387584242298661168939954724766561426594286779683714168936836342698
3719497937182419917888826476159337824837743125826784543781434564831992596693448333273721242158967847
7978687939249146345267446997712434421724377118599987427189115793353156113744697384493348587925863942
1247956176764434353386757497549694666262761179287691581563259795812326741565523996485845615358241548
7139269245415977419611877767475911653672294797629136468222651785843745676762564589757797272267541332
8792379319752343382568361619151832825949616257768823646459677692215162336366183846153767592131639382
2842998843281823266621945312328655252366615317919529941423629323624498142369152911612851864548321851
7827171586621958752591281247948189159763943779382149369682497289448597183872156451769294217479258383
2799349412486865526348969923232617742819795293479537877377558838218138424998987591747466543923124711
6498993987151385916378326452953648412423595279315829674747134112318433957613852126571491757317329386
8112667254439885616224449166537443481185233681245897944819364179232841835158861151549443342152759492
4491968912727984864483393875725731739829428833597443597843719688395952991169448192788488612356157713
7576428453619396126247576991638166656841913565881233267325374662373916745615831884779329725685136693
3512284693456428572465769566477713384624561898124562243288678535336938895145189884143465678866728749
5282653869269358782576839933389841212864294857496336181695822285912245386367615198522539432448393215
7627439243761257975191981941411348986527741121247374611445779812517669553624154463432555739947996458
5662638568886459995831871995452269162997211427355662616299979625162516838258761513589359582385216336
1332239591145264488484933322328599791376886727176562678527625416536442419451774997621294116834682835
1569139741522925618259464138662642439333245411759972729482429749257984999472359699624236165951362161
6666544658863131794828342359349923188432333217291747339775945267775498458845187451584946938738213584
1615594528819779539586824652173145878431196422438967849516829158672251997738247771194442936775213521
9456126834892331516394197214713289188591725971167668379392143544549323337845441851766887342939273951
2737737945215194836815475783132434842669355567192911362756343724469984839167178727981554618784946878
3414586926326139418457671641585548951222735624742566498914169332843357648336233259152927781684881725
2563988383318412537274585162595891294784533265473368947796174967832982451128889317122672821676354491
1317174113367784814764599979129317978147639228885758259661255978647953777476182182885232526434723749
4264291193717583664277847299487184967559181753775683277511621238156938996753988336482973629869686146
8539192646338947589857794539347674628959657232699118344152285643483915289876565674425462634814235276
3367181459588168485564581146537157679341352494127998378583681714428136853614153463474777691856994232
7948583166559628657824713825424631524772895776813139329166381853651546271834772818211381845194525367
7661865255736934991382734739486246959468893126889978678589925531783739488784363511779515121941549989
3157698213197636324552545712423681615321386823961757527632994669135876613636755194673816363912212663
5425964237884168738239855389665379185279426343598394822774854537229312781785873812678436287572566565
6937237313819233287261816835212434977513235356358162487463512924673639552684432367552938792838691542
1168878752846522142857322869976139121412561598135621232481673717728325531542937739351299991614282835
9182645827718697871616782311254175955358388796881711361663494497557279514826187237133393792156293725
3121491513715871124283944569544378198535983952916113114678764277138498482781294254517421358721454333
9146863128747533149712247227291812777892619928456163758948286467568356253848398955482614989532986249
9289635696927236713685241238432226629871937685196865891156622962383813512877284483947729226154928888
2356664176817295956175969331249892232769354663526824148727111488347224584821198418722775468538282448
7881143271654845831896858648879461699649396646617186652349652557973544423537499952128974637447476668
3588139586973627489261462331479275385684713439281321549215583923431366791888452464878856396541293184
9569946584843938362726286485553725837611243137469591529923871868956961376134293187789178855337765272
3197246614253698598177715378223414197716427988783513327689811615948467534268411257512219245926385713
3477832551521173229478327142384975783538168986716415434232837835332872772212843774277916513738599116
4147697292482138814743411731774976223242355149174415328478824375139734327653285559269467923825856317
8666884344928577237189842121398169534954969743771461264957662162245648685389136994675947849526426668
8496242155598627526512331295412991398895886683179314741652143129322588413885117734163665615889618711
1742489984412452464148586763872527251519499548785611636266643493425523525464423164899381386291413939
4345322553783499874354231883291256644842479377111271662235551277527771292674375422978817498599492619
5768343813728986984826231548539212421273589467253696637948916399746589776239845246555639517326715759
4791656318571337453631184585214816411927871585145921634641259612555365582586829685577697834419114197
2719476349144188435452471439472489815342261882149726994368375359858999599431637852835153981391116163
3552925554357453641692159114993842889419194559461852649567352357711187975551331699748173713976434837
5621443497437766887822275339176833445844989621272554877882372356142178477765534829746694371977349487
8648671873573338259178375388818567927985876261458363533293419324237581345875276113495444195691434833
2897365533223982796877574515761711669647747734861186958117922392647675678534153828758993431816595897
1676829595537692451946916712613295497267178376571476266313722791424238816913559214722829498444755158
2792339714553476738857333113438151144283218239392666935945423712492471371863822312357549434477742212
8911263257944678646544657853683113181353246863888629236246688931781325139633544283727794274712665852
9843357997152173259498426543196664633599371831239394721446736856617533499434936531431533222141775831
2987214542544857196759114331717236841636272956849572245765242577917752481195771348784571982219431367
7645771664275179883797383758772452228684891192773229297952932621357576931838663893926769542294635993
6798561525369863683268915857459671436367488335794369275986765885157872985439758584878524884654682587
4354972375235286577162254812764989832168781868257858819766672997242112655935359993336559873285956886
1815836672368558553575493753344225216524389138654945699967132448153843841253884326322663883863654622
1114557684739975216457178182327149714615234614163794983334991834863596184858365649164936232661876514
3533792488737263911718962287413839993493111189446385173699267411373939168122531878173361212959128523
7377545747925885642232645887374536273142126377187163134326455391999218814946357611322916313774649137
8683524318517931565392138578729225254718572233498754585612724732958441828226578352929548956261188639
5912424748535566541322414271296267312185318335674825914191442929891992352924597834727371748691353868
9239196796225856933675696574355948391732144647569295451735916552292784526517373864911348198247258348
