48 100 9
2275569656678729194421927937549721939379324786776174969464523645121774869187354672312161327168828878
1327585597594264316569354196179737922444552874488242638834681741816472595888293122153779829219387561
1631372849795711185861462945875985436744184412523763868452931811399373437836519967171964655597348758
1541615569789599525728672646728387182663661213997658261887922829654729584617329525721445913618194512
4147898419847275986537147772977814351346378599118387689617928255328188691789762618499783137678347355
4398969257367227493935123425933138897528867268374534429112931524662841523262531863559346654669489492
8535517569147397256449668313448343863362324977389369649336215356373973313959544334458893369841454111
2621126387124743132617829322534758834136377832221918447185581276218315577457111435634752955363553244
6341188885653222129354528313262472698998958353634652281244739755773921972141653141526363418989532431
9869485631121989647425464531825798318916194115238688977735272342322339561654592289399559799385664514
5593287145358227357397218431113837674216586618266828595741641353553358158414644434939997886953892385
8325472469253224946667943798265861466632941763467621713839233552914946478872816428718789947821158267
4564593387716614367366757332215452882616524148282516861713165571953929716195776831343269377518743374
5269492657825834133986427165938611767784145883669784325979677776237832253788566341626915552985582151
8565791333293112468962126374695387661683549295767595554583451427241386765242613615463635172397381114
1123426788879714515459196195344632751517447857169279678634497512785261749899429991122116645894194767
1418343215981868117784359178492982666884863571278579291991769339218797598962165599361485197541727919
3635655226261391367399973887272435132266891416475669674365811314484662741942274651865455687238356382
1856674699748334318221736324782825757838551886111865154295439674551161617273258958393513944365571689
2293746851374989675412758865582765492147289145843939231459182457572683257854976673478976414999724787
6912778154117684258619866115787996245761489998628122473239269519645565414263332724913289441876167236
2153678594144459451552976915677287541556673816632957676113441933115936432181819862885388762841596528
7144454476658559585231271755751633831218611715836716255395193232754616372811359447593455743474467772
5228762649711791815562694776698614575694973468287333483256798471418326283617146792634194533594127111
8671162743114112599467193411758725931353822819282718584537532378664848227537837262461378555797137672
6677349717282526782111197371411252446425288722689985879194635296745345797668845917827488535414672624
7296742561596455253922774451811227296134324462382662799552459924594494778143423661246576942233199814
5644464813578635222334532459261426353669119526242299457517841147811299884661114598346868124643236624
7933643889678922195565273577312119838315562773379763918677476376354894358472418329798526139558765658
2471963679227367997546683512414676751975596535643311351457654753762118127768597672343132392476558827
7242999182278844227892278439151383356943943152447186332117579126511998553412217334275837834235195679
4768416811237929265293315858475951979975393737854195561536449358438646135961851145486958835481537689
4675821973335893373283264558159181966988353464627386687719389342781573531449895717296924941696132155
2349415897432843399441721125621267565196115365227537675681563159416381959199721611637461929793972665
7851481254235144971489765847111833723864193826455696882774196159137546436358518212969153559662321519
4812272511138385285426315315354627221192513382767137661528681731516793487367255143873721141299951477
1974472793331218796352125246327622169991664868582158732587167793387143884288456414271651142788265444
9731467744138941865576448483278629316694811625673726637445634678347519293315585986655574214243782652
3973169588726531873782374531489512647683194416716169922863754765168159881722294447346261918117781584
3411471841618979922334614152388585786822244188349247726381732542418445233728584731869289751493386814
8141891722659758366676618167311273683183834143776665714852727668172443621262515942633665469762569197
7895698376421694836184255756317414663755225313692348768731712779276614389817619932394576697554136712
1681862227581618459168689514597597776943512118113957423166796433689657922573436246145234995978138397
9464124632161587435419841172599294461756481113753433812598926274925882446723387999779144944278399763
8638142721631448345883427635758296226169284972789421289375642813158445287419943767856512567681181397
2657412775617512593588497759797846695943112861492881263462872984769772276719569574292898162844972353
6228642683124474628496378732982589613968475477158197194449528274579925748342433378481353618412762814
6951766382128887461673649276715247692296425118419423469731243269468245672935715783311914365444281397
8397953457649765314323859419892386869518564224476966287496632638794244655138413356363951261978827482
1154883396352431984144289944218664165118338381648677628994964825566755415373948561779386569886457153
4465861659259942146448452461495194168732984585528192769511616862362951283131713189369782377828866746
9553262772392815779491463998619715141775157114912584233284522882786321681368846443283153356463534369
1931624712891849247268421764415917413494888677778823619559599674442286293646789221516297547328799787
9354191857166979897827961496838738576159429398941556239364287365965183184399329884681967252174719725
5358618797227354837152375487978841338624874222125112452262228229879346694177546184612483574346978272
9162116698613682865345722417757629112753372445911793381214655578337331583827564385157249558192644896
2256653831571616615799764748743789587548929664664237357735641759343753419187218957332614274586145752
7571398227875619263611128454413736999645389412172649227114912845886666525338585819891522894579348785
8533895586981245727292895929145882244994419142172336888755226161448379468258923251978637397483338162
8764727969164929373626587157936359369547492374312864471393697389189232247887156981769497335837924632
3325413693521785767322596643999671226211923245628638638392179499539458657148745434373878633476825424
4498779633525198856655158618845143542187142649864479699611293187633513888111419715519669463692286186
9947166773591316272985337668339471222915437865315337572256474917183738495528727924978946942858536664
2664652242934295134353175361745997112669898396253546727753338866178148434979886925762626743738754274
7672953446715511135184642532251289147788746682364918887259624874879554597251743365816868837391491383
2927958778412883277342663784946783342661182483222123673666294952442288977548543142568373859964914552
3584688143476964988649596665497437813171382661682218858884133132985761123988999844734719687462399642
7957485114345723822949363752586894863328243521585628319348972842613917318487393766185663312847572119
1453667727846437979816942987583726757262151199643865683369629857792328997646242951713987131516253362
3113493279297677588245721469473194224122379352793325345682916818929369977865366786979212696439328419
1742123235388471347281334596449636872877894612275486831712563157458182587798132875651434953613247458
3289269716926586861415786775212597841259566121976427858944171546341691577229528115372793784632475368
4277193344616128657877334875166427146514739249651935512947826517636139255521211582319228676828226885
9817392667536147918964743878243512389892334345493947783282676958675633572644232913424884181137323338
5743895352889431633147362683141367971532236342611575992588968164298519253647192695392649517112576233
3792195157366939931193424688847793293235677511393564758492377661756536777625462615199899267567682719
2798538969214826627668816655441411315765158456543949216979245873157797764235328195152631947193359814
1577434155556938714135277753124181353264122894298119592563963465687638692499124657786225787164887213
4682114889413437578364778678963752772465533642477774697825899763614146539117834724891745676875581835
8944643515732795193459732537278285149477167788794928947376768392333856477434616848455773662642264441
4567535142855359866286274976696155749195334833354244253528947916817682922849346811627341988217886654
5343513212761877865889436219683378992999548838164991267531166938444913226866468925798919116557169482
8279199669988469528776767196289466633462219925165544773724389654685949728546434562883799292869544128
3777749989628422245679254936775676741314388324529879154998965321641891663312483968425229876527224623
8552994339744125357783483727278248452831638385685688481761718639375929321693774327166339932979844177
6436997437314415778875979268674925439939669744331245487353636373239377632122592815975837315773564984
7852966681563963752282244826993437535295294926247583235894414348517646212669615119562944285968187622
2157941523133345145236848367374929732649341581811156318585758747964239731292999724612813449631636832
5752327392987531812449285556372379633632173325375294542248316926381189365449569363677664949362633954
8673421343533257327942764886252674183464187612243736782411161418722976444152773816976725971865423815
6623467469532621361133679623189531957684557113493891135655281657926391837643588445791319728285575134
3683661124347794215295313618619438541416711964193865873138643897718874266311466447621693362437334555
2355636692217789498189552962544288196672344493419589493956244181851286616425411687378538659669464436
6933182787171824657165254963481128155989126777379883231943131129121598445134526954419624213429962886
5339168864191125228542171855814839277985621198459338548754628675987167893165918252519775539562576236
9712551779757199657595627438582524239578335156579559538829238752672148475685315889486338769242891821
8737293186121743621931317919418623163949563372365642796641242799119654274297897699691334222433226519
4821337619391983846221544412671621495229747111696268676396167874146857868683232874917714775312857714
2854691159471698442295952722573688137263681194684174517653273294259266757571564916288665346583418548
7646549513555466689942458994637639964745146965295793454828591794959763748288447271466932229336143689
