13 100 9
1299976918178741661871544133671574789948196257293142471534644623767646629168454782433665481848341699
7728461152364439832981417942157928966892467491746592218713416645359648186391958576252578453441419153
6835855326218821966277575671692197525425969293381387439731292743347346672352742951759617898696749699
5529553477137537679738637597391824171987357654635531355392349521683753192358922155837478653862442537
2938154275269614623755641943325996934868541858982683813684323413636874949564398124892166754461451259
3467148513722539973265251598397514843618225298117934445233265796489416179464178182658594793313952558
7551658385653872759642832313352913654347686854258163154956847911687453251352534448859547879859441421
7333412388921129143312236876785794537584528368857413988516934948334945957149265849857552749326217286
7261835556362276348538923656152838846262573162419211446322952298518797528144785253579878394877394882
9498939853233756644419543133185961947461247654328739251267523892383689116851664962383719494715286148
6459674283589738923141977427299282574728382632497177829173843533425821583999625366147119365247574828
3831322124597753842716888324221261168164448325572884299115456142376348117222298537894361153214182437
7714222684535999356453716128768864347954378551564456196197731185137976273594426611611851182252563737
7973727944112748993184581331379437381321525328896854783456213514921511843163794812394241387581726179
7592853364348148286275943642738863719212583886434282596935494452457725164569857358982539137285141784
8392312681482613243354934376289828774845399212353126258628172415259661711744674651855663918765733285
7739536728534584569458459114975344747691489879319137636139445234836967747319124668362376424219328127
9272498237719554715929142821125918312712737131262816827619615456798559234242513193618381593173262814
7457351778462586749161512243185984652323891657385858243593579988265883124481668555656267352366233137
7231657442879877225291386519987376834455695663868846773932182649598991191572128861351159576864427848
9933674661527721571714713358249251632539949726837378521244752455568371683845378512829942576673485632
1517181982323511726668416828572698488241932945147143816845475295739357776882823224689858949263546943
8825416487476874725326857926657217678122522311522339663442766565682973199394537598376136722761387236
5559175862824959395875368256854547354153915141365973547585296136245744853316262698659526342622332723
1185133368687997628249887142296669531399695888383544672254877531833788636334687451553535965779829492
2131355661943716837143637629727147665454881364964883886666882184699453142182125234839274351416855963
6866612945365175674767649658787576915789192914886283777761264759726891294843876744835215377883745396
2849197157178683618332545552598414219993479523719738312265724668814111485432273112762565619762155672
6936312977459396866857881139855177469437274338982421629466238228382317217866513414654162435643646329
3511516447543453423616425766258758487878137865794369548616727496744783167321944757864952229134295812
3691972899988883578821939756528936168987653171844579742132632276146383169132893743747755715159674163
9932149619293388493695346611247778474119443733165669552831339663369716689354972892528835875698925248
7369345778639752214172896152143326194741589575852823885943743158597814628489863139967446848456225539
8762729453527894262396725737494145488114922262242328792149218313594161555492696942326247257781399187
8349886541526272422718785225587851267637194632873218762738527825575213692369922974467449611337461189
3645991298644863284766979718513552159967415147151213134877567853184471776935347698943861375134634973
6175884723951322239624672119492815918969293891917721639732811644254112914742892836392196943669163156
1531947281155762165564427879916557384566522489519869897369761493867587182729393591837775333795875762
2184771953664938553551173543275269341899773751984889578539742321565914621543635434855474977485461868
9736797541678357347385721258949167379621429838144573263652597713818396133653573223357829311672293133
9631684667688399846369633818341229999849864453689451699556219496768894837226183585455686467613579117
2698261641333159957256436732937794647671173815251694753559352761974297369242318384998847691863857826
2193655264879731699379792793991352181312556844111488447386158973681441627273621625565441212532733334
3368786128781747743811657141331297468415466443915216973694363168416675369793828648931973912139197622
1732972448441921694648275223324144851932717935298673818141374461177433468168349824928189812293646738
5323354849739582351248896134588435376692797125269545736193874839796351168782777143889772398465477865
3446764678492132986165913326163217871364615747734514484159313848622355966234751528162647739322339957
1982546181227573914798438986686878514816621118465494671278598197735463225223248216624384792211251554
8216775786417563757441835463554823471183835136417947868265348443518174294468781911381128967351341394
5583453928556735683287449354118347446157557767657995353913482857532986318988185931728172326948612866
9651516927842959262161828465181731734499226858431243352219364743253572132926318819498395341784841976
4623852425656947727688563266818823928826414898619756426612784216268897978779453172413767416418452322
1275641759355317937797522313376788561473857549547242414184237439819565275895587531173263238991498273
8688792947321635759582965333869919542199324298168721182769259872661851682274851135597211889436928848
4674559416668221119678842256542311296195776783987636472424838989792928984977181495291781893178899838
1992949755585598461124834163836641739918737494892984154635874896338579347244382829971458981984577184
3878268346273683872344621243893943787739671997448967195838698632148773764889817174437696474931396697
1235179324221549779831526357369396912334376556459175473922663111679887442679362638913687259544195476
3431186317512564753665421438516715529863318448724683851344766578216495989638339783968167724138222877
7592722113848247515828799759477557841578653557582218334369786393731728121558557481934932721879265181
9449864153183952188642174161294617721828386286211292842652114835198787925892789427334982119166568166
7258586135268712735884236139154145621133452556726524971818373842541633936228535531771492752738576791
7494891277185725267487776634844891395128612759371277315426825497628453989863937393647923891338335377
8232655534824212768954937571952267622526622551776549451278633984287972353415621679448974716947119554
6559477331238127438437185455226863975571726213543493368696749141777736677872499335375633776541625487
8374977924334691531356152265563667426985622875276297847433383438474544633441177238663147148891254523
9418542582497239776252634325712795887398628499731533522219645897596768794597635178896469267877898736
6295929198523791753846231895753199274225512539629655787812352816798159765547874482199493698911647176
2153448756661878428663114546191577493325967793482474742766741811858367751693263777847271819511657117
1411243785765915988873876467827867914497964579218575694517437955989416637289557819278435532535793216
6784235273898891681982546726399144314877596431111891746717968658567683323375465727154314865167596167
4562342789738319481481812536796111456133494149629764871911297341896778496323856951313556333777768312
4188714225993989298216384785155818422747693712179796638938438144595923348135114556492231781911936652
5881687877818989931811619813623762415932393617693968128717273244946336885452369884678827493544631842
4122642552439661519919211753266744319758528626965168883888968169782674856787625744784994499157487958
9153136638211168141821923489426224479982775977883989792443567469495116437155638288164925441981279373
9728942545388383473169485312414559598157245617424356384763178233362284112455516994158295254298171928
1519561567732646934718548212111392592888121415421782957693147673633662832679559689359843975217474292
2543167957212866588789615827129643989795884683157211634637812552241949778264196113458228892881827623
2256596686819113199793696169171928387331831279588667259246481166164689234144634694427531871974576295
3333937512246635792158892923164277519948164649481852261858131388791817314173288429698733992847497371
6451397471966352175141843537777717759258838119482288888289692141829396641742713768278758967695244693
4141427568758176863759889981439771897559671966155115534781674171232891982244217169395388612491342536
4929652443521797529222878228793474986948229246413293424297547156523699489898617962471997369637176283
4982771373791355793921366373529911787523732249891568742643482164561939539843778347819751823813661836
9617481627176933921862349351842788928618543858969762843933837834435845442536743266976117168651556898
9278457981796525269261141843352748754665899426348592752729828226426473871593635729447557594152227966
1483613514125776766832452587735889326515666636457157529697752151366494739712493992559848687587997237
9797924277535199932557487797833858585488424429935462719189269143785644788572467746536433464841682827
3949488122364293369749888514257915292185994176621235927261954228517433413127631721268111754425534553
5666683915492261971719273791322973761177379146192822793933298233524575833815644636386823892221348562
8762785834132317753965191877143527826216777193982352968393259146382916795664514913263289315287688842
1585249969216532412177914891156444679678347121734878262622148876685411724572935674346778637327773751
8749594476638524575647185971578923426786416756386684435846255853859559943484963569652892128231555257
7825787753736187891264447831815825315223825829996325226113274841395494738572279628386113845799222614
1589486453213255252723513411867578646352485176882898747564423311919461897487111887254989523851518279
8851443526313615281137413714768246577174622615457721653979345812425887319794224937828461296517583189
1977988354367218814529792824892516695976826686628582662468115915664776979845963738561694918874689979
9329851811655488519687369438197961374667391277832685675757715478913611497653767564435185721554418192
6567653874186112485316364396359193521476553146819938387957497319923767659652736653623572357161712377
