25 100 9
8655715751731889312156185568944317114549591482688151568487321732625826825957626639983381273747768482
7847127276281343947642897417816716514191643382773346324958934493656795465981291857753351895473862676
5257575198251163412814975357794889864242424214574945569914317645939949771945727323865971436225224387
2933511271845738162939296742717167355916154129529938136682662112587164947796791756138391381529145442
3676727545817744258691666662431272368631157229312299642538525812955574739735627539146848367811137751
5981725381478255828669184691216358751816443823429667864417262664913931354568443946788286917269983493
3757928936338932688278914798512158493146398768577212369761335871587147976441724536369739838633463437
2927337587666446615866936178277556662328177638425184472163585431411138412369599227232837894915373614
1311568676226747376295244779862791857115387494398552521435433947722559812348476566547643213798714583
3536389383882973619537645791126179762777617265517436213659979578461394377728541279459942426658872791
3772751936499196739496446126898179141245352969732842789639647246861793979667635815736769235279372349
6113638978275742647265951287831411713619335752841919279874826817469365421183111974976824778181199636
1622692172132684892179353474172972988836768637477996418169663574796896711848598654733414141787173251
2515378153193875114246473977331846342367819455989639871465133216221953779993239198821856863881189149
4542154618723886154739349234915948811162145896312813288577524953914366151879313321578581959791742256
1278365516315192374611339554265515778344733181692657794181935784734349455126493423465986776826765629
9156115751971681566577199156648784461963885178329751668527928165242749894511989837385482636273648659
6288679957397419629546385537613338396778283114234716866341253758717862277548527315221964596778363884
2983898544324652152935834986498419859643776818534328348999731362151419584985915394127415893375528994
3692328672861853287895714311658122232819238688342536618466388341776243757573153929159362415315823329
4112541347535837199639326274682519419196656175593841498934578159332775259118489864344477848562545828
2541952536787314151357133949843841264937341464146899785914654834916751542594166497944618851126343884
2788193673566268655853584739462977262946846516835254667974577923774488396142151355673918952552926695
8367335776486632891819476476666216348577719568275533165953781857984886515827421545846421353227773621
5566698869685453314712552579856947251934367287185137596174791263637739357768339115643789865276396498
2549955542262622382626328152841465549211517867788916789353185354718269137989748842617248386333982897
3984478961216937384464795676382513779855412361995993896537315538846947652312659346181793117367824867
4754582418352688445764293558385235312911632964378517784323492389148296993176141224496185699214119442
7597916497962419379213892997329751921424776983363185991784865582517315825713816116744456239152867933
2396943747181998129434289447939881221537784254719618954945713214678389672224347984141131478471662671
3415787667239727644762757835272147949715498278592798196262725823726195523465891841374895821922171877
8173868222345455464723656853455423291986282827869621363174131859377427317749552766215715445278481487
8934536898859491229966822431651373232527318184121296874544572181115712441649178858355197299932315275
7891871599999354945265453423456321652154331539921869864129784869587552511517711932219695243232318926
9334443328357941644396485831415588118347463472474664745959499435112874948241436619213183218213556655
6223187535772541119922978458341119737914988582112946261266238654884569534572191445716369467582784892
9388556585287659834193948972332252432345751683961829845598369144167897795594535863887857282227586323
1182799319439717912846246165989853132687463972533333954931253968335627543238464844768519469697311623
2573174131391297529232785448137165627198857424979347169278641444538237179783958955184331941116821959
6866952295643864265258455239954964894922736741664274927513445643111234381677513662716643331173643663
5684557996386631298916377261132396981158712424862546563322711725872449524756771981291415548186429464
3575523494939832251297757785194943473726435542717998175266889973398989493641898235585448258474341512
4826269733455518889635954643292165517346988878633592665912577488185579415857924768221157183881391933
3846747346865353253116191688939917171787391436236449773137949139459349167923845998669872128457168198
7527289746631916837948545967249181882885474627676439529195459354263459872769718347862466751647984849
9785175833924422529918579898199431614991278486468554698872129227921936455186985671581475264192141836
5321116362196198849195252859373898671681387218986193773247626299728324228347712599553722412448845893
1471377977266617954579513165265443474849382179798948865426873576342211131572552682499887624792875174
3175983612437853274764281175969975913319592159814182392978481474933374289689377221277963268992824623
2415793382159649992978435179435627133565722945459364998263745754158546594533632877111999854521712419
3323925637156857146341722659572645482868896827991573533869841523982324513635721498943814556696935873
8251933563571597589338995818692512174595582559772766114688756343456361184451674631565954259961593945
6665758562316465927922585653629256632276866127281487866298572847866992117998533987255279159693369744
3949314882912589193617458584314381658645948334628294753748864922732754368875831446814624493848129715
1199229119591836518238591296544483688818337525276315522833839969886282125418445742714671573466558171
3244279277492534528327584744127518978835353835381217778528614647753897226625136612559574778365842241
6944838514113465426224199517635432534818199912323923939432682363388124938615175552837913646819617333
1532424282619374749835135642234352522392833992156113429166795993386987454782848622911289288149442261
6922671986492173583655873912957639329593184794299933825592174666835841626831513297971917936986129385
5356786217887423571193498932542249433137936151759532465161533326498549345286495496188151611197685672
8561836735325548356745485927618858431263992812867947253633271992496953974675255838288228978131563485
2749193419221719634636975983217737549513297191248784949467567166475168285983365559152528522582412714
8555442336228775442966395189496342787498828924438314662972599523324879366316773241237327793595323537
2145479693748771897157713623592789744756177529333746144613544227282728986129592914798258995394281349
7144524725131238565787366896724861869838257822811914569895182311116329182185913133916739422268674139
2852259489886581451821548421166786433754222962347182666165771466886835817948415193556639149621516516
2933719742215665614154777311114425897913621118769412112397463851186434884143665927544537551772812658
5356492893526227537535737225315621795463472887372871169292869831481168183588693118492518651336181145
5929219629796115668381821383825669846576777331857419364291446942139311979447975399523613451576643263
9136923171158487882164869448778595965779921582172873715386232394265575949756553848939997937461487255
1981499144479843995125676625326368858188846271445753364426851446791157511485347474868797586941168783
4911714544686817593726276647187659718935443781914179448251314626162943651417755227439872125363861311
3969224215192553819442714183676134297531833872163398344943835342741417596632637443765977656366562595
1284518962425717631149571611798534327198833387127251148459823671298866488179161141261586635818385536
9488584525818167815248615748542568583672335172911463772963933911681676369327785135735393377847446684
9132978577566541275132185389147133746357497442976144672252462378824878491746485918937929357432196313
8653328516794621621326146415944126361282157738986742117965477168285557512432977748651792229632946613
4562686334692573167897874355461947365913814356198692614411669362397693533632291316439859799446374511
3241549919235496381341489254985264467375564561887932334755341153981911888147534686545294478364394714
5497252389822299621934857272196356225781329338329586258529414493885873623812572129527938618253333155
9765513464353931797345228329425167836916934855216266595842892164566946935267831327337869594171143646
5344254623331817662821423355598898165493745635897669441375468882289816227426641684184916698591262159
9629967952796769777335119823587964148424299314836912242293393495695347867913668995623957328264352861
1518718775147455355446877425834717684271959321432846758896438833258139669778657952575521191861539918
1139964763112149383475893925119471825221248438239622367211663556348842381461116536116721984994356427
7361622326172796857964558771921748983277763697146347117399677231668447845398636368278456246695344473
9123984922368559988921489226169118492481786794597683748797514817161484579511526495627246376288124455
7131214982582457247138123573731488326541575373158241442887394253759937289315644886824325597488762249
8955119884313116731664411245132336633986372281754544864363132993846979864149181553172295656638998186
6413634235982678382598748972865466784638787564226795263916968758459471599949818738714155597479328229
3646573588284816559931565925559353936983543657794139328759788847758465812356386321862831124857789722
9293917378727243272838877713193864965172358393483644676254961788999333753818851935928292873425492715
2246793888141895496544261848877267321666247556287192893273576168537558549932186932391235979722869272
5327297211766295984731451757784964578882653323113645648758138398747683147143999843696219595958436447
2898338889617671768587152548893683176746129146374262147437584876536985549235871256449328172172912588
7216531284512478647132552293374788113664729669434371847265949824361132756767978956778351832376447764
9626968221887922729649642568773729585641832318354898115892883748145964262458794664311331771311449213
3488679619341151595691837337183986534383249319499564859622633546919453394315581135845151316751395783
8393434865953988239682923313629321873962386821156189974627939254821781667768617772344152285372219819
4347411224643185377361729779984473455784615297366524541131843891331772671331943354463215388399596847
