37 100 9
4385252225293468847373454562749115125496234486363187387817935382746172954386869486322189481671666881
8271137752462867549599484156573169751564961831457325852588894688744976885481837385337721757818946961
6181415714287453137248562898345996415934327135173826141796921611717647774394424855519995937455196147
5919595643458628368842965914752392472177645717643317271385144938314169511246629368588153162448395232
8473218855286982617665439348375834436744992194165174282633616489587666275392438273363834151562221894
1741827394438349236592943159856421961688674362477623737496915369591797321951948758466949156234821216
4213421437642666524988182781416624619142335711972165985119594541723162151528363819242247845826374435
6875534237599492448726632846454946272796513864591153628164419577663469922386377921863863589689637736
4295916779917342379285568987933441285143399695415374763172116228778381647647173881414952171889646635
7183662213792286786821311422481186422331626293921229962163148567326926332825162585392448751517723528
5444296829488985567698653988499953882968477763532582246543493963359452756975436899858993474379621249
6167926287175766549294564353445151219257254132425538684519321762311655694848586967883434215868221116
9685248124726834214511397677515922521969689396651147912187727967163339895882747498947933652349329914
7577739878961444667999869736256884234514368624116394112952717374312417226871655852825491889635851762
2366412459182836277345198218731344691847785715797877823299157486423155829623511488276857886667518767
8643487431356626933883214945156278244168644975177666856532418352356412955212453424948119421218661755
7973372827662896573967287351187852757362355625658637226452525631734733169972216649958669781257247344
7322395733242125337222743832469668699682118381816745165247733813126786147973182225356821351497993812
9188729692481787235782199474971935532522869265831413161754559276241913985625417692751654418471172135
7318931453944753623933697492424549581781858496394627858835267859369281562869978114668689586288331966
1841846287411762564331153467219867845329375687369954347829349132772281122921761546439715249248453121
9466286174314781467721598458352491748563695988744557749849522366397933643179569733715445846389433339
2688841289457323932688551725948465476412173881891778128493497296981391949222433969519786248212238513
1136164416142293921828955979773395773673291453752465576542871711223341212399854298858962366955587225
5637938936494341757196331253917233526783135921183515626852933344888963877931727244657293411231818863
2684857837585668497328763482116812777117863972488695318494415217464182787443561861266925765828219853
2462664978995332234791989315178415938154119872641426455681844964575822328771215676473765665842397459
4286775799666798823779535595892292321418448116238283567613579231991432254969384918672881936386278638
8961821417763923528649966881939725912875394815752522525731283786167989169576486847132125131364692428
8896576225133619717733838485443664496824187645643743478396236623726843999865885223829474813697841414
7943914939774521547661354249642271755987522183617744685149269687986855522253456188865812631955441241
9868432977751849493726361646124648845828629124129814752654691628858425287136878284695456124772487926
3564157982814786481756591827624124517328531558773774157636659155531473646672577934861161583893873497
4114675956936972853869933217731423776654755979539798951898478134847321742447824217936731934122277286
6711158976827237965332628698647916425346127489786221722199479273114985144124451735568668276469183735
2821419579689577987481343128241441426557149475489667667154977184745988364599683849839185687773661533
9467391338161393467821275734258194929731892256561111638797888939731572567286515841171496655137225926
2934327688442862511529842434661333237528141286224961928137413894178977754686675954512784957151597424
8838818854165259474624294591319815843156845928265933239461785151874893624831897962277847673718453676
5985399138944782712223291594296363332677743564946313851689243593143172533751278753596617183439331527
2935914218149631724391988392867598789186316394346618892178778946821216876867742656232435462814828626
5681864747627616917839875292672835596323517851316886632911769465552936851694336655912877663524894778
1868699461229884764269336463981837219728219845645894131768966728249677228712284238697447385533474636
5646454461744165614976797912221815965149493538928298345481729661634212242443391943641291394163273461
1145618913825644818339672137476253727163719573556223777438678886976913498992969342384914949382358148
2176825934173157752354988712951589411275362145563452678984132655111136266438721898594684734974462359
5977164416236958776238839338363142616127822389424796912345857372415592549111262258134492652747932518
4472116422838889375451326946247366746813641499322234258261144354735386834963212493779367858164936326
8916916918931157189647632919653598849341236476274281124352299955616475982176628534565174743781226614
5292218254169757779481245941328766721336289159933834471439581293984862836655736894289697924432272912
3221836185557396841743925737926917123767483644148215394458452186363316247911969367713467124311533845
9322651192697186456282736319232138376362991314872255345487528268431214815771727443768922661284533138
7942571452212643879925676889122896674348158222911471232595491311565716369452982848157837168543324118
2586432612175255598567965147615323436446133646735315214281449883568328878732411876258879549269314316
4671722891383414988469669569362626468354567855367977353263967444781975376927454631778518963169973816
2193742698251488659688894772233883563539523931848364193582791916793382784898471113693941453358418862
2493954225965941619934858365929349678536215781755215414825653339358663347633654453315223861851396482
2234854337855852196881358841693166994172218196937553648491523434772471598369251971372153947392274128
5431181986942613751853845152935948337572925846477716422186688632276671699458221229153659816558877598
6627352622265895679233892354444546313394885788267681887827117549611858353987271147165814733299186683
4394413991699566269735467937157786312878371357212983432387883219461917754231244434395561797566353774
5314999895644452348248395956226968662957428193545938576639865274685536577947575766535388762236222962
8278719499661898868654287336353533165275264814396223637197724724659915818591665328235799484191817967
9915784568194283614873655157491416287659783853756986799922189598575991282686139834394576343849417191
7765586813919693897322235982734377935538376368213252588162925653431582743557558757739191435862664366
3423174213374875928278551413211868976746759748586312445494421111456392486572852453786353766716916756
2282765854917422865724368991818544986142473191299694515614837417454658583429556935588873949385794956
7348262292543268641347139262567645693191857461958943371912218921559932756915822851432153179715691864
7396574762558951686396458579272482479882756438577294652396333881343391517295564398267533371661263593
9573939143261454483642125322998185865936417131276529944486847968866855847849391333124772996175879593
6743586633619524327674126633389861759526828558977985196388255916894362928371634326519595799446541443
3424911326876757956323887747481185851248257618312656843888951555172434123923696782959865266222357334
7923452678928382246539375979352941746298398312342843988781979568954394423971335883793621918334584835
3254383857999434552986526963597223493645834741639497491779687387884783933414452239972729361465678997
5251299778876384466435671443486885643718419236589372615663284423875828589559535539717754316778987949
2143222664796548753251374943393986241837694539515948366294948391218399284656873222959945479729381293
8889584555264374658273774192482524638892554534574861312738686458239674347157582287138141135545645289
4456798167886191454382112139259438449995175232691895475331566545743639367199723225667373143583946452
8538929919759492333464718346193295118652359749231636571944571673628263595373768729127312299249274862
2299664957321398821167123431597568873894378553219873966549939214969681249327124928964633281115535959
1455393991337522919715323152324413957311645649266655418279457225194666893821346838615471265665595283
3782345491854385475324337184188598746533193186767299351742331112383968628191188989298939993338262868
4218169463518462415476973468847944225581935594785914964489353141378287875658319185818445236347192726
1486718315579695686694343853666795727669292518216793425243488322899569871156666893261972146224888432
2167992618544644456699544525257448557122385826787477844926121126451369238727362588796449354739979159
8913472399157549737537393515773493232452825517174514278527918355118188611288363522967244862385247122
8829918891173935312889724227585657345519667946196675879595917594448395484357177774933344595917159923
6987172932476833624114199971636435884362865662418112124222218148853657928193787875611995778979412827
4725857257655815528137725762324693161387979859253251466652736962487331335869414452333329117543291258
6212585853223219929258831429894972816479667586697598128416523253284461221112534544972891197586171724
5365494418279386496198349252738961345532836141485172633937973351661662267725457981725892985647398367
4169545851133234311385469147187953678653232491392525544317247331469673795817294666983999853951765828
5539767361445411431526639776615654691926993158562755789675459514564638679628148135256447244438435186
9457718368347335739249736169238265527457113465139237326728881268217617912737913794834565158929652425
7459186731463432267426512385382894585566567472566153718469971159662434685476859566881491747126749647
5189983251264894414119257526594738163834429565944397825488539399192646436452495589323916244219773194
8397756372895836779224757841948251887967922549779536822923172985719879765473953684679915725519125738
4865917197574158867164114478685161871843313158665144774372929342877573246193477329332756513549823636
1814855354198965762419146891566598295168543995469882683994847845669438195575762584412436485198887429
1341774612334537797335396162995814929778513597471649214913732257251224829144915282682894333691657227
