33 100 9
9818536256221987643556488152165615675486354217382852845243987142817446489848898188786112712819665232
4938237136345442649712783164543247421752468171723427342358846728756918977761966624152779346785727731
8412816292218929925291932275727924852866244723789688799133193582457273554297867644967287291934484886
7979915144355524435678728481328595729197863524876189392444322841326771261546242236857717722277172796
7194826611936827933794823244723635856864714491642257659948682524294835785919958828369793224165255253
6325475844963927434445488124211887524557316393478544726951259783874345841476898548763798991183735487
9347288838473878378136324821416753826782235537432516447996134778347683619784134243654258153162158146
2399747781223331285191922928799126858291699896772234464875913696192472181698479753944629893825272245
4652445963117188268249955844787446294717652784367228496341134231446999988316576749165451593147728448
3996271786266882782521171912562576949677347992421827859434818341153994267951758535623939538348755924
6633379736653489517828585325446666259198645141955192175473899215676424143956147298498894374278984475
9588498635151252372887258793926579385741492729123595665493745715179372762844195521631419416829162938
8219589252889268993552666823632577412469819483126741337132981129869114439424969353255725632425424315
7332816683255268957552996323928862381324395485829841421864471886688452773997951687348684699344647653
3951717859227871477737484473753486124318735584687945575174212676938814787946832523922439695189816947
6988624718521915318267958459324362239597624354246545159667372235675883326629645669743489834519127136
9162895274531339362281688171789594563493586838449544845553292499442377288277811312682545113788737218
1858934618251572149721257516928552157475778855748587524435617472688719633816298551676473471174887372
2654571237972427934973941326462947691328162128414629414939369778943491513649249724159148461526492687
1586889427858224629595929512237214594795235139619454217116786422811922784522568759465223251868182291
8889625899529579793625753986415191159385914186477647238779187435385176569827456949332441926262537466
4811442547779948698143895414235842269289936532875386381346272235968332179851536885675893863442694178
3175995849518215361898232465857324527717778228936367429576355713141656463346224951155299867438119463
1346241799279128541611529226698487165472324535448888131624786838291251466498419226293425722269764411
9463888478915948634614457973677779373817485934776621312426694332923413915131118677578392154918159495
7455851755524298194811916474585814186955221525199186965275497153251272835533496896167875582861472763
9723276893611323815389226745636142526367836857496421618196611497662243997342856656483141421836953548
3657125789994479315999795623563381246142591852813398167363977365414674365885766468553786718886896358
7895955872771146492934258487618321823176254418111959422747914926314193575875493823897832569549139682
1234666764446835475363542584872757821936232799967545372438349422735948295539539313846611574453586915
1261284533542936297541331579957576855589155951796197398628723515298513457386183784637887416463916992
1481367271321655782186941552967492587652155191595856713567982934999156495293927825357161385295122626
7453666819718845311945839736982395619733232264742891695825192788558371894958222361812122514169676161
9365147312356649143277648588257996665349547391889536474476619693957689471753567357649566692936518928
5876887796674523935531497155696338298916983912681133844286472288577515873332394989174428745545759573
4579437213268532812362645327479991499629346686941463728382461129524177989289989945689311176484721345
1197925854882853425718295936798438427858598936122144933149521183389855372148647633824267252644882966
3688744948551997668449629411989649757326123956248583511716122187495188226933498748777167242629545224
3438323189161522657987864242659726594728882284129586514291761415573846747532871631281138851495787839
7475165431894914387259263559514462447353812677282235378616121961588853799296446211638917378464127358
7364334856638735463135295366623658287154415847395281379519285631915765234823487258372498554687883532
7476864226272498991521611681118122967286783393141686848312997954827379865717868721917986439242436992
6332484627436422212447128919447219293885579112615631328223823865355433339273443569585285853935345212
1258393473873773495366813447897699225588423674113178127112747851677798836375795751649638319392257542
6934667617375196536867919489632237486656937411896435446244244656583598779212433689185754588983589595
1642696289799185768185514617154377373916885451454275946158873892411221383687921172945645523149545637
5655357144658451148467786553829298649139156749878647939774998383789696831728566286948499519793797832
3843653315299528121283698554518189563889296557417643343694973556632292236823388247545891525355829372
2513768642613328327662266821339272782992574611957529161548838328738525552428856253568544962133755769
8883939731662213161671253193856299284298474173915896626552867129861618918843946328964256668287471348
8173692868881329263235936713349275939458811977392349472127472443884591832774183148155787375667665638
3536514793419341976924675771379551281433357744248855495617223335761848378894375842478282291444159714
1447416768231734811144331314751739648133254211929476929644391552991956387143973573245514272749966125
4495124972988362453835921961636719669492298576268242689927453826462768984476788156481945117764566384
5235636157761944634549854516984765795388187747979578632288822949378286412165363443216672435882821655
8284291959467429771365455976737867536386153525512611722415791172465276811588254127796174542783729295
8191139127572323864737931648439235469286319963815556784454324716568784179236964219536677926713892963
1514359127151664556535448237558684718634134659839843919737527462929348288997125444655653583178564475
7829644148972685589419999548727428762897271835147869158941243312374213119653282747521564126771588842
1474161961997137961166956174651492352789997714199695831846697241699451478557813521466157853826435554
7184992456857754252252636289491675388622661157994276636546829612411363149711217974526792577975936977
1441159871511253194298192742341275321476497938517686658862385586919256589986336399898184226557996152
2583472748887198391942142989717573364959917924272923668121711393973267419923451189451326134986469164
7362467767566117521497191382472142498243125538982159191358743415783658587877993317751727911964329195
2975422158938667684832867845912469214695252681586369851827795172159143968747128127685258718127615944
2724877667427342262865593294782318595394877551654129925359856133158388923922468469439363615497714681
1422956637651629632631293821125117843365387755982138559814119224592185165467463686835235841358753278
1547343367914411527731287596474132449738526578537988734314362529683168934523947786963735156788229792
9834811792288371875868642973292814891542895464699219138215187769172428757555856555166847578156895194
5642531962829335312627367521784927853428672928285883535758313157341119782212841193646238762468497191
5168373796376783749431519377666375654747287626553498912659495125455926294898329474664119177715286711
1347946479293823824881766254719359228996658316383362575539592858714821334715462918572491852289119834
1565371766821289367637429938771997469666576953348614183188362455355473687714659125438199614552937815
1798458791778187511271222444434256975812991643322979534413479484697514124142727745869954723976744992
9266511563654259949195911984557654173844834961835832913647361635817214675166471337891899779378487145
4698356816766987781187825549396715664177222187475868992552716158912722624493173378825146495936945333
5946236655618852112242898282476169978862384266186552666944831478753357694359746776352471817641379756
6744463635226744138371224877747688651161758688261265584175794461555225159941351565257255416818653249
9859858996889984684865151377893717284251453168742124955364731135184824312161397782236651169187591744
6797696819583573534655423481298272327317864613643687967442892479568687239841397254547226812622398754
9167323689776438831545797182716434978857692971974547254739443162311687739259252152586879689162925128
8395819934298281115298361514766939268265249241237831378187471972297765355418142739463756193411629166
8811147458722425915984998851118892796828286121558923248639318496935914942246278165169971518549767655
7574724698393333697538481257871262367367248657713375487841369685654189182618143412934148266227571994
8146437144698693365564872668726681551346634475976387564325783647346127174244813636365177184527461763
8471627665496762676316554128154923621795521666492164371622995788456531871546389717786747614856242939
5161419226379148929474551627539445476764344462939148885687372172277254989471292716187741659553475589
3667227447784266566822282719761455436779199252183871195871138551969782749885983856798642736856724584
5564377943922838361742152876475854853121113588875364326464282334854861497862736123981647328271843984
8853311319648835717735399274235423453173838393183326434327539736912255832889484768697293952498786597
5732788484769219612888467331426469689268591584199751798833627322578868328817136258147279641978555792
8563134111539219741425216761773416459166257358266681572698734872292225368784197949399629379838339588
8696787359329988937975952596913781579141789888213597435366291955391512158234976684558985822336374398
8923394628793618381322368443153948642777118841885652881919247596436912761495965292996317422538488958
1855362746373181814373794586613515197212344557811332855124418361337166854284648815567699563484336146
1232895973622461826458482471326469486981198331792852678454838157646696528284587155442665763525567698
5977198346951517743865694764268221483596833462751855182363787814882417133872855793955148778718871829
2145724738833996791863996859386537981848571645595836491225747678689579458347639891221844167149134334
5479799935787393629913572368235983613347663324363933443379955659491333749461611912443195175919315849
8148385638812671842746676387223772831656468484565298461674594978826942534944517924572169241142188741
