6 100 9
6554284644132182834371669419471577727474435256143152924278741936718574862768166444594945777582945758
4181812495175943927337772226411227232738229589324561829916518232197851487685783486763272163688737859
1426185962619847861556773296314494153828462898421712865554491336148787226189639747384156125262829242
2521498749184221569598164695171941861227648538544861586424987728953132582172794444184398816114498496
9265924493626259994392276322798236133486722234576863875556866878227885766731444246412715958432366518
2928279787729852381745742955376518996281514798282838144814285281153597375922117218849569741535321159
3918249896475617523499834686765155166397118555231637375718885776337644193989949894445581391676344876
7923652415285316733376618433992794919476911776336967422533153422964766556718329755586126843254289792
5713624238897494441217511191677483585767917666668226691645298812577327133749939593857647837584879719
9345261174636853391169675945553237534618563391967879279989947725933542178518359889533278629366116488
9318944611151784874433273169611233689371211955599881883374753435728483818989158215777666543437313411
6462626828253556886697527385791937934439438699839952536629113378916982574846336912771369613286582158
7954757944399668432565312986872895462549289296337123993637996643362284677841368326289341724231161372
7863519885916394611578638515153291822724733825821682357246333221386264621835843164442475878711653565
6587634874633776729142326618285964159344964671616622338289597138783613526316289883633532412188286497
1769755232185346128745388616863491442843549566381485344555398899519637313696392656566326256965853197
2951255586646943523752418295546525811927123458874975294931939937442758465676985453347934328858283377
8294468823981677255441831442916853711476379222991399228879318342449628927279234999535542983234383282
3552978395783692299786954479853523245188522753528927444642661813165371519679777428515941127632787311
6659613969795271761615647372754637744364468917348939732838784336378281865672147731172553952395195389
2614272448281196714624839125172213817275965927562596516266321686818611567783944395199871456342423554
7154865113488654921781649474731537721591388759683376761282232848291778986534787248852731138269341458
6253916723821674233221714871519819131469597594951511264417633734484576893973617691471941613193559376
4912131493319736161394827497135258889586188182728593993155431352138917577679785243628194652755746381
3819567184932918841473148635236953388497553572785781132372714391746225985264862685599447435414441113
5497665991994713729426172492215729149553847335633827333977725333432988134761958532874599618354265426
6678853426544125283856535582216977173725854123536133774929487367541753375122662875666915893596889323
3474753463312444488327639116979524124713683788231779245223823841573958464375679424884139284277786119
4211922633596455251777765594395625813757796963683551439246322138727977239716324928539314679472982333
2891741488784255855376148685578519425523553899139394756683336521854226827777869372497453828293745644
9729127868643981895332425435447616233794224788715139466983853164423624693672333152591718492598164315
6862874435778917629481191694744662823419291333215755975255268921463423345883482855974679311889531899
7419854269916731856318692831673929837941639369557629412499635142635336498711727352873939171164635211
4742153571419213114558871293792227674798913635599354642466774152667717735728372127675219974683451882
1629126349654458792347925626774488526264313139389394595436624982249161112952594829716856235651774453
3566688739436282447495273937584878471592458488999348238641345388566333626939611562816294939614485954
5166991566173159297639255627985694875814925348365998264797833382321748191315832235222212761998678735
8395789462769715789753997617654683822733184878863893298596439456874991439182294995274639483367336627
5974215492357942771742526941414224467321599756977756184833553861176392968349373635152273779946311237
2154928118345476458157123232525652476337772323558362749949376186483742321987415835858478256147413425
6786823645558348223136189835717772274243754447437914816566693646941327789747991677932516879817527839
4891392199161251215987129767611938331129831654479331268763361135212978782764495246882392327969759145
5567688359998647584491342744243432491238612792522879335131775917281346364877387736456444531584786913
9592543164188531843676336856497646518345378567899343515486369143634427629196599195417127577147273993
1464783533849253376575274911851981776925658737697131241531913136413347462862886425197326312729753343
2697355223444694756312922736127525333745641185779269996214331732971361413558489397761411689658111714
3898625753285731782976896378658656572523769369555239249643177812742879655651835139176257962925717479
1176556322477331538216315771791985698783788784366751716551327622599195538996765487576271221869542286
8851235688823639272746229833929285788513996474952965759655337971783758489937223991545424617849588178
7483667761834251714336829586186559157156765572349275754443934552816941774913381732999552554681578273
4741796649846126483789157597954169457357243445818174666726249236151366972456296735499157812688439595
6688569353395586523832758995696229271557388996737158662118475596632153146945891958492913741948351383
6561726446632136536145367666956113228798921157912917247687746715373167135839214558293568268817314658
9479586293555995455775843549273796381791391656975378324784991456812514188962752917868419918184849276
9863165177627234243242236369938563977811372782767425629153744571115442393333757651849389979775351596
6352741253416359585479814685568735257488778513961531539713234462879666836868229646956227367648146897
4325552284756718525577888158779878825683428268544188713299512853218315277255158986547237582741294455
6468195377114439817673294414993428532113326688715633739715578293664135812492732953879931284781443726
5694189913269812721633378846393458331611148284436972769438693592794259671712887427473193954237253889
3956992355553733867392814772831318367756388598816465641869233486587448677282135445261574646892484138
2243528954929323979892847371911229378776257187383195357413528823994145781839553743839843814144461671
3814247192823146162125748651466418879253597533789242865214625651122536685997783151845943524974157726
8747781652197234586359796686111266265179514141469216773658565218241834981496174669955824671716488769
3869725741432522529157528629154593975925856397445791284129381889783235333928319828593998131955894513
1929953786411744794774139832631269197871792833311632894123858588365786939937369572263787275512811443
9775177972985958253388916227459756464827631879546171961753394974664172235182549833523462924782469344
4891657568943546576696116265968593646742133335421296618713995473633571755717949815962782545627139132
6669326741587123128873441934244632578767875822241848975721365647129439928366884687711134646341441995
6334864655961388463259365963822581389164145451915395229816955298484969694548138527833965648819194928
1358341832546426127555587519918848391934583756186248283115685386278121229635795151778488993874956574
9221637535757237924644172568179227539812688788962466155231696439445731284477869654996144281748765536
5658983184474529759236891556937433438821443927959722678211691327353698452618162315976647264979792376
2165628988546384167584419632815534124543394392261964936179595888349342229686866642311654861537688215
8915177422571376391244483185853879676574994633827215263532594529638284539145199941961715659896516693
8181158934856697173674544143774231742184797461931497758411579229951812741865769663343414953429511586
3998334258294662535734936219538786184786387741457937653255414251282757269212662737162279513998321749
8168539818166411687278657536774493844443811477788517717225181559578673159112216784784859472386964735
4764485918564115734529724159847123331164468653289917728537497957723553151992498258211878491687584746
5823233769869737537619392897921123466245663566844299165813757582695752627291278337657529438357549882
7194592424193184642358355254938642314193993546313542477892955759477224771612364749682159479524459597
9896441896486679328493882485521832413784459593234495834312827747244499813847966923867795477451269384
8729694746875633182697855746837578464428557246221443555782726321576433597641398731974828115481231942
6197876687419946751294361513369434466658637311473994916113143475327282944751945128814543261871215284
2796318535535131555493535122615429343988724779375944617178987363978429659929342777738389713838437122
4934891627896264717814633981146127478589623843731187296938597138497811142839217843176816845275185326
8398236668398729879379139194897659296825797863316329124734161967351186258664327258353421726374536297
9859881965454251521272834267187594612894134682877328246746169256283876494747957646125726198292359426
7498477191748978169838415191495241576282457152642764865585252423127171512454824931899763915561614957
7196853689995979795126417462452168939976966186841374271571359748525894877892983632799161128896788758
3531252799364758185494893734135771178845842379499855742179589758769873337534292668479974896493764189
5878629215288295145356958214967973873858374439272547779359633163663718181911394814972383922672792358
4966134819713727424134356942342642676547868658322442642986638357173933956859974222429761797541271547
2442154914239325564615491631444284892199362652977592369485377657997689611183868541256569357794888472
6765637121539321547768277133713233412527619682172273141388449659696735653863297227547284934971129829
7735663433213852559543265632338911533589421686311581695753639979462452141856448413494822951972468732
8536289578399393159185118146549725262671437974869786865778289874263672722573871677987927333923666978
2917325532233363676961588357399221834997465357284885991496636439776889228994399534398826194223858237
5789318543379413324643992217541199947942132618877372572437442494567684735555769932732777429926462469
8522672764965384624628748572348755215141539119814825717813282821883423764211193767635835355581529519
6838376149186374267254717194676874534913953241824448485879341171544814292256214186984764467854165411
