39 100 9
4762794498169464524748793194248883799347599549256966638817112839161964234478643258433344796224295797
8457588795288859642978756541179587895381781949592455277948699282744569812915957981179916754654397479
5388941727113364668233529318238772412862674141746279864849728889994879519786456779486921529936826283
9832913348486834348398599692891925442711881328261451744764484226388468626797688365679982253266277691
5145783565161897573273898264877999172929378114216675853656526146162169544785143731751929341887813673
2489488361662531866776714273343677965296184493291479394478114278638889928699878493546864321216777622
3196734341887781621931684148429816337227694692177776829384726824842682349617523338629752821393626915
8688246651524833272567381528568714552588333311429956138894513589911129843768618289126839963799774679
2164939761978665266116627298259881965992357444861439223845372829195278429651219118534385819192296263
9822738243683182165791438259985431935735246751982445332739789124131782622852791221532729365563217875
1662618231397118145756815344978349148959711396594628768543288596693917353928555448525956149824813585
3122278459654619163554255419387895967599195562841253276554666762312623264192886323374276585995922593
5452628897643752973447237417212272514713477491235466586645673681522717433483461139622433572979281649
3562113548684842334138577482237433813922469613789336476326421767461962352768684551973935225123316677
8853738365212914321759164163516624333922287439368593659335148889162685211199351858447525349222263898
2925585645959787367639551619322669215423326491688672543275824543751275546381618232598868999745334128
9759348913775836254683815835161553878675673758657736384562367221369351889859748767872189451171417353
5159412792634243462343348448134584473616437778926236761962319328693567615986798972196953691169967231
1271355891996751636889779118153547893172168881529865392549762175369466998242665175111119862839688298
6449324218657833154933973369431659245918123155149352345884294228415855181453861569668316898467322246
1741746786293995971995178345685515953492754325454445147964368649681114782992745263539539891451399929
1877164352878258494762566778567272545882537233742657295194125656259252537269121757798782932422464533
6194692169998998891481641419732265217491567644348162816353967212724333579472366121471121575256657216
6843764543589434173824293668693651426333726818673869239932573865728678981247759468892515813235339323
9292253641751913179316471362359246428125213982372426838222598624296658135484571511462133317417284677
4598132924951948252749336264422858996264848862524263622147395866689475488952845241427339116829985861
5618317856153348638864297695718154788911578332569872945922985159895475748453688386793515178645511785
4725553681496843774443753673974453876587391545244778433624427644787983875983165694411554416812129437
4423643569321267694827192612688875423196721189426533235412242576237154776167749833236176618614521457
9268582622243374467642419843486546929812833439562198643494543526531995531335627797711216353746882479
1379271145897637615188766438594866318672334588969885963863163793959849958919823577696521885873821554
9996323796295633973228977376645812129349923254194662715785288523165972575271469484124511794319316551
6654742787138169938554185528127891547758611149321957597122517514782753267274166563588359966469643845
5689874815332362162865617244185632959422518914429124198858638874994961537178951891264824198196838294
8618488652935152232563143622568348744294695134526255536678655869677588554875755673253763943972676663
9348179129733262617141594237474641373594315893972332717111839735769594558612761233264367323664937224
5283256936596865382285353116141583487954459562823127651995134363677491135783176435391633142354597414
9331437749645366748163571532346949725483922429466811283324255255827296479876786697836124999548413827
7656694328117631987679785984696647615395233469185532497711991171575293646233686693921946228328519462
7842241963629424939869821239485459853243258967825482745757153379548415126694834837982294828379432748
4165422538992992863963861846561224938236653225495772612282822734635285728333827173232157716735986397
4393678587477466914295863435454344674249636192637741577519584481656955223677496265411942758733121837
3517663525498163278667592953142172361954394257534879681541376954197297339681246628132879789842493563
9267175469853226361737681145445453125683328568872225499666541418843565563327514454725638397857981473
8871844827354571463121965588475587391397193482987722267971135947632595154392948354431444512357217658
7847659658569217835746497918629918239718259794641159883725149288269474216996761446326431726136445418
2134685594663874327173498143666647234432371148785861422557573659354526373814621689867871397737598228
5282281149298128696731459268155429517682641948861933899674864169191624582429454538259147253631943482
4775689165669457314355263661936525688479466226645416259859192785719534344492977289684757772738296131
2478216946189773227734853577294869421426399899991267348656753599469953694841353731352264664711914819
6539563179141797864514981519795334532159528447949533493339778722132179233695668824199238856836433813
7765363447224649347625628761314982433985819363712326896451713482529652649238634678211828889464416543
5143238189219816288489898471354325397378987615854644642542177781722238496554123334979156411234168622
2965869131584887478497847237792337291948926258513992173828198993452421236221765695429313632522185938
8382629378712949837381652831444243312999273423477359674247324217534744287391553784123149135745825411
3637235623184377143797936417556993583359918788138758672437596516256535374346769721126152294141743761
8522466231819517679284967786244545976485846352455698913512475638217276338683869817576917114225878955
5228719426747857498287175567284897754973585188344953823659898974891389147756298914318362539285499472
9429796286724731656375799964941331212132266494616957311634989375611618715675357723886872895576853521
4357568418296863777261859814391615349287689824978934761474313476563622966431114567611167742615227121
2234611558158395783879882628557963312816912637335714434965319475669696415347695429425583752681364588
4151367224454165729958215153221381114797519513126511353181418731875468759463767869596645247999944393
3874172641282597867597464139763376897389314784318467577898141983783412494136697472153826184924526682
5513285111171898324688212466535332887636397183586318988938547546173797616963147229873776132718596525
9794817646762667567985445794434181182751961887595699863269551848228127118254222878561778849892365176
1792245929518314485118556851116958471648547545564196912739439226414875598923778561352648276834682197
9635463712644638468564692587358633523627955551336843594379429782368996784387211756661923245648973157
7292474188111175279766211791875671556783686793437449762757134931696142363693547596682439568262827964
6977266478686929214111976958357236348976287519993287942741772857414943924779743628173492353791319382
8742346269476577133538171859338711643837835781861446928562948297787383746456827618732693862192739817
2558697184467543741274762324566761943854924434823637212134271536849744561164995292576946631598523146
3636129662943294848275667486846478341269392295885975743539459539953983296544948677351384673367452625
9592321258475419576222481636495622779316516653776385189718618536967698634874114534126856788961633598
5824394921522392743345314365876325118453776351628896294252187191486245623998672774996845247177736223
5988875561481368913798622957637151965873541268324354499427453918151519658678675213777948696181637272
1616673551532372356985216695435731736251858174819466868879489521311136382156675494412644748464223337
5239437444818929348494982577844179615514911697923718872133575112486284611563912266993781387187771935
3441517669929899355631329252179971952485691269731642958325432276982745294328572626791878677977342822
5835371617179461934983782842167733253121838757195364825899491191418591941259171917888468335755882734
7597623846839539689183438486838453277733283143124782273863623658525937292965846625125737244369383294
3182989217276999428841727921353572489638549994415364944471364922548868495872197942673697577782989278
3983353572763572822515783274817241656559834451359255143559697232448458549334246121595914485524263247
4715217828223414286233644358646671524744271931821145186879528966767822996943593198647148385396881992
6357919451569218512875449784759285744314585716661471113258187938234395316172819585349219232295381252
7852874782173567974467396566743819444448622378411477938652984942916192848765974692149176277825463241
5744842167666945887416527742395145839511938752317311943373143184786478199437219721399393423339188793
5361275275339512482358185885784573759158724723536918877944173961521277519533829266647316158886799523
9462129886882492285832341518794192432339956488441512613515169965851193157365679366171972239979885494
4539764999729118955444777884678372749464478252576645553556133159395295874956715416642286488635594585
9394878694441366178365457194958948554264434271461351389646211426925128712651122454492462596669736744
3869558761117634127265293812286168712241475657343822779826164211329933836187366413742689489272628996
5483979931961469379342523686177957931327836853498492511873346691449375884377967788475321135118356773
1553896114613447194377589181646329344756847773519253393448356755678641789127991719473626393489983859
1773249522291516853849876867168523156691489476394818988195957838367693861331811199938144375147457146
6546342762989749364977269579752941834541278853628445163489654269496484541591755132949136698479482857
1477489652854467919956772169241467182479116797631417113476348331469699324345473969942194838946374387
3298718743229135514193745934714352874342136238885377678479978611213439571661413766465258473438591877
8969969661829712168357993963292155259253133128567619676475956521715254445819177499387958652194658133
3645772957595228718412495822983557219814163991298531465797979716814475445598947392681547646885386379
5538339755287596796611221154155539723387289834761478867115233662945859571119211148884582564512436399
