30 100 9
1174913163836753651296844493645179483131816646922463736296768372264769729137515293889543265461191536
5443427996172318535898567339137481165221218178411923726339355168556921262116962738812667994761283629
3335582363957562226857191232282645722695121451647484339527424111956982558638128724247985789188843955
2366867652711342791262412429663548959414153935282996143246781692954171428841852359329319534696673725
4396243966514634486625532214479586767693566285489328132179696465818915418139319988694327674624948443
5943956645134256112396122843979461794454225654572258148948559865641311396636323985119533826669112376
5774669929824981657219729697495731333277979834197794217494846512345612248941325367634493762415616937
8313967648693278935651975184686223364534149538448717881635724538522653763724313989761317125931785556
7821275842486279522714254247775381812982154334414747651397597899414285852796245949646952381635639529
2364683797727496332945512699836686539653726513876564331369785911331771513322556916727739633116897553
5753125361797933435772316648674786651398141514217217613961696188163663154193234193713756499374791161
7157121363866591988432381441766557117876929717265394884624626798242466312282969291794328891694119651
2594478211486996455972536153237881384624374574619952796316849281396196635247124271429238826153582723
2744881565177788259164646354973229961713648421613338678377518859515729315635139863381885413731217446
4247368729182893329838442637873315146674853833668329564811964644125347684594315118882617671332858163
8554751137836516881253554272319857845699829594884439221811726738118692339218848483489737176179836331
5918865526842537711558182764734388625657289347556287188831699154974624859945579278894518965992115866
1417351463947958219896773694797644381777968146287584934118683644886853923494537365499639687477813148
8493435287962964812794112659537893974127653685633819744545422326532167339928794123547716527451829314
7164623596493619876129334821915262728378165888147281745799927176545491656752219892351161664693241491
9728979866922652217233526313786339197953282683343217741168393268737141249128725189615964581734722837
6589479848816227488546664861183188555517482544366857238775488925838693983497535477975735675968758991
9992184184391262244947265969116691496588166986668892862486845445134529932149866855959149595394873474
4377785157433585188424926648612123762114366254313911186158484518297222873984881883568572717269239131
4429512752525379815137371937633382591191851477321742572384839943989998686253811233772717775526392771
4129617544984183622313946273418634613797571262714753132933192741746759975397764997197357334423586513
8327529936215472893637768231494627297352686273788285332834828851281693921742867815736771775662644336
1544152896642258854738593575172641161448899449675587197362485875552325814531818835868122517144684994
6348612938636676542991921424367873175881118396663673394314548597226464945478869864451641787219468721
7247221669692781228836959735647598563793852814895429747932346982278472412857362328654949394893127982
3315287243748691382594945874562957859264528542497826931873277658535537238795889757943545139838369274
8127359366972433385361325968521549743852535226519732128878154815444345332852448683917246847995473768
1685324965369195643726579387534177526964536282967144472219154381832311321431717325745177536324127968
8591657726425775561262653353229529484854348448349819635332926122892936599682359649185769411585885133
5588384365891982791255246455213959795548377324862179998166596538521276914344671575217227826545472612
9177624613258522538432322864484467889262367381964782545544233697116567452254365987379622443766188299
4859779747791457192332366338318687347374465188536531554124571694397223719827455556222526847663889266
1141675791271412189959998335278853828519131236733564726411271355985149855873535753446797765448375223
8359591288631415744154177557934421454235228372364156839677146128819916897488793713484678713247775495
6845124621269466236232374558512614859892169886526573745795746423172895715681116957588916944515777797
1254552567499382658185735941795986647874861612577949977493935279585549965556742371819113483684267252
4774875751341242863972112889491356567214319212794458791448458199192815657194578326241555983996673634
2371797975984548645591941715668191577778254794328159639938928429568499155323216683715523237715936175
3235641636182484814664935643273742348139221942946759569786454484853832965391481324652485134512274674
7389417966641556552815251123587628722547917436473667223386195743523654852115673617777262161594368116
6617467868137247857741939289621731311845999975915814574325396652432298886966883895494877628563661864
4979287961371134629669944471768793692136157653914994669933986775719898492717675573527952654428632664
1689757357936557492158327885614363466836132962449291115313513477976299346293542547861525667487588612
8918239569974953975981559742528472895669926527723792299717346669896445638635454548212689452399421832
2384368687139524922752725346341446646519276748663964912288521732214555161666181999218641665821343965
7545784137716272288292377737496281462826992441994442975133163782967464995355852493813115559394288593
8754617999169688415112649817571372643833972334586962449246853475232781871587922273231854524682947718
4259686727814277655141378211427884154951974652241989659515169352523488233843174517118448232633651453
7855779437519313271984694517356993192429292384374792697976325829178961592688835371433421749893398923
4259974163225782835538622895154193332692616849466822299521376171819946319894759518437942792638486178
5868763481538326472314794954953396492674135523285378758991959842266213625387714465259895431565554921
8891479214563267257742569723734955272113187474994695114262389793671841326564855439726495367468912597
4452189394694944523642139786461196122729544822875639734174339472654499963771971486587169389525231182
7381465746927436951829928425658815275499844683371359319614815167788874765613835371249632745298954429
5163831831266187252962453697463343613151776912231638244973632549458458268638197485711372311682921881
8294942825733573967453162491952832177394412612117495924783775737695457936259158882993779293865369338
2775412816998533642775664545829888755984615153853382281914665388535458913197339642836715474411744331
5824759339238897136159218738437254268394295952168236667957215699347751875696359167939794998177737381
1496155432159726861959313776853631939345574196723315572285834471191661358338585948212246444711395796
2252752831214361367864482699425156994529296542881491796214776285525264695815957158789386967771877213
5924561787648171653717412473545512878879386461695688474687614212864927867716157624558711412773161874
5532618455237523245964991956255145217559145674657541119429623527938479122431876581947862832196788297
7584194419678434779288953693338668392431293989585537558778822779823884221447112414423656291288618755
7961775432243118325563756231321375431241193177929568893877678228777221279969784528483227259847591398
9847967186933987939376821667521425753688873559487552337347338974632182888785957273855462424953248374
3498328445773346647911522462199218729334586124874249123348261476814631358619911813716679349433142619
5328799369249865525826514481511448895563963944771278671175237521832448288187665588875123747793233758
5498332492441222547538565971751246667933623898874354221519461872439628757933595934914227785936141754
4481415982413922732449976233177496999898253878629985376813683897682861561616229887944495992487811337
4667919362793919115945167143633683629981484945563641869143595957283872143326178177324388432614419373
3781132525341193638362253882622271916895789877327386879664712614693821662746657436773612689864636462
1518373861639737726932937339316272713727568736344442175779959917842888497638761819285579839177354573
2178153768545649922248554394182332519581746368162614835592919475443468364865891366988813211132315817
5347914462979848858344685535451426131561291932485685835596793247467898798353376559733152695641629717
1367164635317648478644454334981514895883696885955729937769439922346492776167963418537311362654933887
6228211746475648225487123863223928375131363636769976977255791387134518224954889847872755636132919877
9159469496699413541648537638368862443893618149888717596182738869875418963949885714162974467291755869
9148835793717952966365525731742315552549661217838215765879698482755252444784936711776741847949454525
1583635856321625182588459856275551986655387144196322114512153876467425591559314163316613229441475484
8897759535284256193543962894577739513112299274275114596967145423128824529862335894913665628879346418
3547228537451833989649849635989715682134522859149664266126216434526523922848212998997633489746287219
7473134472218521711355743775983841394951929387576117218882635497548183599678894278284532326666458537
5377838243894493598322681921276189116518618969168424433442363695954933317653671222637699269584325631
3682285561762776699583521972218373799833161954586678163875269624459853792943792311972123144614759479
9459647464724779522174953319786973698383947491243874152443835497452186461842795375814922372427681118
1969465846376978467261258341659316843332493621823649723682457196711382323985521721327994598894821393
4986298354266842948988863469646186448553829341361813878916415481713139351311614651991346542164176537
2337938912464737975224773254445344977314555488552633735147441971895672758173535392189986471929731869
1111253762538447619422228946725172884627163729296169778231518229953271673449718924728241489184877242
3754253774597553211379138858748587386741895984211459672744191715743128613662692598972286496227814614
3116926391984359878399565972581121683972521587792332374574848546558563832857316558151157996358115175
8822986393155999845289127997614246194711165487264583879866121635881181693434689164331825287345736114
3233249581779934737836329113675458146339439487681685285662929645959751663152637265738828416247865174
6732113776679337843283812714868975981945911115248643337943916265817495651678863692272537864613314611
3839765838715486823548944339888131429214441646414616435961657417364346233451246514626242989574286532
