17 100 9
4814647525133998334532714243132564288522113613665857154438253378853614428873656953132131171587862528
4971383519946453245129533265172688622362615582327365477218882113741527274334366389612244834775718455
2659854187979846544275155144259979474169785777761942155345129978768952638458361918333184896893966717
6241691778562551737471913654221562273743315366857823373558966339979687759395494737742686999748862713
2242995412371962689123555938153142282935567121788118312514661297778232549691542135885392724169398938
8279197231363269772181655693698933283527791276258795624176277273725653737625753724292518133553343418
9923699733414251987826176466311349821557154194292542958888357819185282873294281572667941165284465822
7131687766927137763868758165377333885277956182294533348214986519392929838833843344268783117156399334
3659215298428931373776233542491192511199179821473698573891311358712311655117889116317982456184295791
2318486876182689375665993878392442132555946617121924662887253761894462596442841979762627713471225971
4745339296435615466268383363233252824394161656516669447272413178411688234512859679932533291921137854
5793373587777821843486129575639511797847365355411462721323911826885979961482424698779829929517955164
6581888413947425672372535175185287613223725846667255616427381165117963713954227198252515315499943967
7422581828951786549445861238438599376641999287655113534137348354219151252767422188276469951218659199
9773234924361994135729444751694499884953858383794867242643172523262651384989393463568951954899313847
9364239545683936398468341854293264647134199336725228738846765425247346739998656127441636852223932518
7645184753655611555287113936948195397239527867813427458947118592965411432691498826657873291118271352
7128392344934937863182648598698769669847347664773848599647619596492315421665714933962625231398863756
5576229194216298752737364588464993147292938212984711896817162478451816846127714677885716414546754853
2551632169771116447331825675737251875345658879586643992923529347732988819974154813551516538596838296
2365643572787296119322126525821785886862659382165326122652947716597633831388576444784799792393593619
1933866858138165633256452833547116156652827886263481479268534653624745497481925971198596146132659386
3899748649392381119463532858555594684414477528626191858693296949347446762594993338371677386655687559
1628166319692485172458761278794822785432439348263772782891635363148677873241655713428476746974921247
1695141863732883984291334511322745722215947621618846638941579619728679248513413146444253994251466638
4932572796182296289416288765655571873682574728524128342284186233435664917698866914253363624395213137
8313553578287845811328948453946883134439728657715471563912828484671427345596343768128553236711564821
5218362428159364152292287495379174659329826792538459495779858429351364764342355143613632351415248734
9676361449556532725599873261139422322518483343218312281766469684272468592268876768446451288313738293
3124512373449142415827129736614274349723286753897674819885694294222162186591328352929538432842558733
3381624668228984533325342564456542231393791519132232872596334733156341595297659566184863415297831991
4935682653462745224795652685126183984623575977642193696845759712386419723854227684311118257855816689
1359145878969429258115515537147568819964846762145168324711891125294753346311788135244464416714168665
6677599697511292167111136698122881371981484598329954473938875921431413512513444179454222865996385682
5296155288328921941544799425157918517569725257899474319269449146732246712239841474762982933567272961
3251916879486984124377181655158278361699119494873673943747266745571672388172418415122532394798126529
7892799843313549675514197387265573344453167688967987973427165669843692831571587498532513945762736757
8631155656768577338289774947663688569278899634515466492515373978466364585438481511931912169331137586
1578542499194376236234987349328698297436563242177551931834274798485112453258776622233547666969495591
1373488943778354117919761174798355675629463553969997188893831935993499757349976297974544936171116171
8463936864617572782822381695249199437472894729143618417648856449554876566538641255947394924427437229
6284951958677475466938388547936228278481333885967456727732946418992472451634618539853663873553546697
9973697796113264614955935943277147647231472923732316176592869894981177272924428838871172721759328152
3891431493274751737652719433692863841687228252153118668919976982915553116836289872641827567224569112
1735911989325324543844585753987716397576564514643358771426549995842133795412665928931739856292577681
7389639851795562727754221254294183964546995287614246241174757976662354325951846838926828474465918549
1494878996333773925359696884516259747882431639884159742881862865668319369139243982724738992159855712
4158449374296719145329369316326884632778284833619698948483589574472165595717376679939323462185133111
9176463776898299615257434383972459888858434334629592541958592563191285642135671575172466769575829536
3863921841246944766513864815821484129551546539133618989339943183128541117285386644259767958686728322
9377938323693489245333138484732987842769964917141987781872744425161921475615626325786121533719755688
1945896263743557434261126383627899614694779287611782414946483733685748245952449124198679552713673894
5512672815722933623862751411841266326133226261531955918543832378919989187927586822981964216396827352
1317297939173537873471859667353877255216486849724618569486241496358825918383759229942687271153355877
8673272842358482762536392168555318869544364868923958792849249763137856949697937861227545237647587222
8132585173234313646972783132896669718258478159584924275839128344531322958293824285133727315353224278
4768994836665797388984126389589299488295419987426174359616194716854736975244588369492375235796175483
6664888246649534397843485291518589194966453292994216124183295694623758776284447279155286958418549144
1153964329917319189396122695298476358732886675442362767178541914896186296475211177866218357761881592
2167658299795797352635414212887975463377268874714346388982652566358185246191273358546141981923995842
5291322742721962525438255972824352666854723238922937575757676121537179462359861427656744144124444412
1787942652331417924611346614852431967969329178628472628844948273454479696515912692998235398611582248
4678749247241229828313817368166146182349637421521661177337148632651433589196611163273548297521494459
6967613466493799777299398778784956852323597544548689746538576877738667591266198453374559655946261759
1152149542319625937912358524971152968533979726789135356371811779923916621215626452993161831851151619
1615236649987894797436991297386858275916941977895965374378141371367764778613968276416225194768463169
5236396324357299323458321318395435594554825696884454582336967982892392712831645822615348327342256757
7185497363424574166163764696817672957238764638284655918122291863272795854174147443917398393573649448
9934325619881756469156257663235749361766172615147529135638539484863992114136268693795658674825616837
4972226157148183585783678171759187184351447952718451867432957658562375636553731431891133513398385669
9467497715826344543431593917527433768769946613331995268487633586981858914293975743927771918216146384
8946671781999433361444925354199173917367565948244932335231621269778973814479452119962393728871821316
1211713827744189887877948113124879151263114283995128495277664292898266968621237782681737664667197199
2845812467424867358721647291179925244361639735242857245127391331616662575373956673538517812772351284
7184884232721966114673222788178682659782337746184573515951927246836767285477955237186539287318581844
4329695946827693312948576553142972448211566346932568383232394814474789459894824449578354257561768461
8145329878652912984479843645565142143214638114153599358358343888281176481233145294834729671554221413
6557186814288479325944433496713458899545628352292643826171473358845353266383652283595164634711782697
2671855516363468813567637518343418546524543983429779834251926977244953351255359485535158429199774588
7697286416229798523666166993245246721187717115828177538498613188683882349563566331383437517771888987
1141795366884331214811298894124649779253998689175269616665575487353727751116795212365135533379396397
6339321916996139832546133125466467159912847891211569813854538695685429256854873165578782219389337672
2194664746443616976879244568428817239241163224767974382378658783713812339277318747652863544969145458
6985334573493251235471915887695275459828696226879599157778359283133573327227796436646582353238977199
6881957425849498185284544852621777183625393436366975669849811618595284689275382198715337155979367956
6197792519392799634149617185731441482192388165291462312416393722217126837732475552912929612727532858
7682177446743828196494578378143735616449469365276236115392984672448249487855413565829717131276517368
3742698881419439563365856851339161187799738347289841235433386257638699327713129884456645774823834827
2165555139565147856994451386663212797216691174333923547492278567224634217496175589959925156775347582
8484926123494773875592335435421587323779974623291768149464254856814912377917439776385843541633543514
5114697176733187326892362128942688492495147224814674612614141518134394138319868643737246881131161534
6947826334998626735234394554883557961423715481399259142218215871187884894933174224955429851195583624
4552148855144135274794256547466994272312446222527295661639999229163595926314625875459547685329811133
9762672762542328984936462643774277363319553166617366977469177782883857438156635281227629136267378991
1648883151567353727853475116217171174115279258433324276157648386492224888855339698974668246785392817
2188277919647854996971321588766883658218524272691344689336735359158732815354871915112723671321257487
6876256342993757359555664355386565774267752331883662683567277344939985615669885945899978281531861238
5588291395811665313317472699181761551267697161277365811865521161324718937882984316223269362283342918
9887774367633773358722896448431192267239562937464775135534522368432937139918817281636275545711199159
9622578941254854211148942482154387955977795782318595176698479286712173431623183167396856852328381582
