2 100 9
1154976659224664739529256157269973793297638326728836182342582513167361793579331182194999498884127872
7339688454384445419381264793274856866647896131254761172238429953835474156411345642415472131524857248
4456661134947382559854113738163139966242238872652745436918565119117196225313474638396545216416626849
8932338514743346816629199549462482127949464844688215954436589681357938232749159483689161185848599262
5468565366629281656161886147279425977848429314869843365726157282528654557966393439682518749572552589
9626578627139114195598158915567738773749549886574475917568932235667768272591977576737448327743521861
6844926214948441554658912559469679619585599594644679269894129211282984936787857354386438699996465514
7699967188747765366474854184974447163234682716324793157185341528729593518273476393716376195918513485
9925763978415959639891319857547771827114824734233559678312321135653366448369541848452868725496938346
7341271812587996765952499876533137256297414688669355954627488596475467611935987295252894744918383777
2524886238795435481824666695165892671893376381458138619624922892462116659794639249852466812922165617
7435456178116466245187787952139641715856844211222547312625145816884196525956871763541591855597592561
3194272858889386896168195176686522263299442135171619847887911792411895247428588491772397216493888916
1448732645834132513144962914761194811178293388267453617464612381129773785696734779732895423931262277
9983974472614342342674288688437179537676235211281774816569142193517135992726985873822587522933521426
1764772988689765215761891143127727654272298269748926816636456285676658522953989337411981586365172984
9257771976945668642883324661431826815373329864837386265937414461621988979585745869276471447163146414
8415349358847216375383797525796927964381628783816975848691965177315894941878675491829634367685669643
3337692111897392544736893698585648945388654621783286122983441645957266536877374882766494493541351713
9577488154816925579723877386693489432368134289297353452235573244224986999397927735188139721988172394
1886798239768122499892467492736722195465954732516685343723119721725565442925295165277886778615324441
2968254459798763929854138644453656888584374774625162775746999847768726132363425719213892554549525663
2472747194662163838425628195791782581538694133336978314168396492241754365228885465451224411321139656
8489666513964457876533448873965626213131524759117132893544548453632211196539671177533487614584498569
2717767119752193598277392718121393515412336632167826419747393147889884343868662377392743289829952233
7659794772634881482319891366615432675368695568126436683938734729329563392953353412347659868454468542
6392183929688183543615964216141416599236688519664461654945175396881131669361134575694899337346875719
3859363634348146533163711715536288928471235339425879473551683571585141124988755192765282574927276924
5179575575649233971723715815349449224298934462591258696464948976235365912477941589893784637338972638
4851893665348659113111559779588881373458927552663475646239456569761592434516143848265492144115599748
2323934228389319676572635511484947152831212955938447346559857217196528892561438582948821556427658212
6913839763172771681933267165549333852681391797329866912764269685214474535938911737185531617653928579
6447987997484388282138719243744958251777715941232325133851446723838731163875518625179511483848339573
7528786591585944683568671183548146232929627545455511258665562361773313572867648875656295291529475162
5637852119285641461653798932268187512882771373597561866969722871387313277818833245475399882954247245
9689997955743873694323812653724396258925996521245812316633228413264928948818985143552878143224392698
7143971717387932358383973228285516784144116885245759419899492132672128493397896645269971593897557556
9354686125847618727251188165131868313398772737778812571679458637577394646874552123973869562968157819
8384247794437948818383861736171326774327497668238245497871887457776424522635689877443912536722258665
5513864459159738822953399515747237575739252719899929979821445571641962898874429676449496258456816715
4353763662398776782398545339766315693371135473547667797428295237131455549561115486119153816472311558
4742361268834967555697512152576712247823816148945645493639279236633158518671444393938123214913857881
4335923991419667525849342457811847524479964671723593958331617567534851515736688831417369127293162987
5576769379563429163219996735188585337799578795288743754529359522245816534395396713821458581342675118
2919152833327113117194315296629371998857485541414562526352949829441284352387346691536121329779817873
7541122877987723398362119572353111274517523958162575757269991373963898851413237694118642827422255359
7315496175266532913829193486179156818555343788472952824762896393616781678258645942172658235368112799
5848739732693765198922562332814412265682416719362138213569842673933668835428879875358461338773476886
6133447481611611534677629476131424512483344183949256774362365271514698264787441338612381276875221157
4923566188928511949831855899226528518323223474746937695231818772754661973155649136381429614562622226
4117475756888888968574579323189432727754278591227552861426118962332826458439352252466975958174581447
7918955171533684831235776712929324524669914491125333159344177952731211915999765995383335973992285613
1865169525253544966556625442823456518216191877557235817571232387864816186631433141416376928621799563
3478534654628699793471351923962466191853136932144351535635267963644369874278316962361813746747238577
2346959123349939615262153938457275294977783994511764917244165234839214734988735297792472171127127545
2517641898316967697446885974148944816895648148154887881212244731817734816554165789361147762642461452
7595326838385446552723461362769682362116545576288879137742757823824625973269592554117168913921132937
1558857538459821369294881984357464368681811384719228982466425524195312652813439552364841279625323821
7617929162726935197125969194441924182435894193167914133997828111528684157896318812331853661426319143
7884734917634347831555264278333365911463352637849491735283175562792428954761431692463748567137267787
9111917268393929363161275182171448935949462939122442157179491368723621429461842311997312137942428417
1547964893479122956422728626738721139998223764346581791243998219412257977834132557669148286277977456
2358785695313452244139116485471614291628748487849385297632424431657892935735481326554541564495464417
6845132725722791287188132445575371554744669912842869161467733966141557363187781891893736673116187361
1968623175375842718429555622523157147362579184653192997157994873148449797764846551985529395281642989
7788273715139779335431992572886973392459591634792427352289898325794639116232815668465782543319183111
3491113467112568937887847929358477392967177955165279351337584393686154849925864413116622797827288873
6117715418159765232228545774461812864594654688527341461954268951192242713214318746891455539966332236
8377197858471823896324513769325754745354537429631761255826184863679633692782871482757862866828494948
5917482154355968383637376991894263377837942795116132647445724228473491942259546613183824976775265539
9645293949556716814126197855936858562162932437325983478599738332842526935187588659693164974218228821
5768971936787985719593779436588684947892912776886148141184911832185283262619744963745556394492466676
7611689362768696175972236129875788987688492338795311573521992718384422457665798361819289384193775319
7163213379129268939963768962192314954755231115951662238744153632775225834293342174234814132643956213
1158838186646954161716338825825318396944935253316243959479218735599294389327617538579357822284416192
8915897151922379362255679789636397262642187586243593297733179266274547567495463455985479851833436671
1481517771131499114122275147232757688159881651745518862939863213698525971284536677619596677588723855
9146618631715861145168867565187976853648993642729385692146953437742954369626473446944951412899899114
9168576734173361842877678187464775397155629226989321786782949231754679445262357533673693839489781535
3794573689193633849182927731221668383678279894744784293252127233471723199972651562347866569567265484
7821313265882994234988236754842441493412885941886441199173679226942266863915313169247255262376211616
8734923596153613739358167564882948321743433298823616487597959589855638187341241555262963867343495719
5436831385123155529326292533646899134586466445513832239373285558147293426268626163667532192111194251
2476771234258924815736766652551929363286442629695126268213329546627369571622157477169331111263934689
8687819779644766946323615337651566156882534184622228533644566353619269766988415827747341349629553646
4226133549843366128372128134782225891768765631593169752345196287296314381568249135847749725257869891
7435847729839399316729279326634319418931594812365143161274497791142171863378393477247518578915128342
2548149246364867189951961449194364596327256591941287569885933669816674662399837227643281853137721757
1314449118331515439512434614481998187974882422662787464959231273937774777882325644799926429375639456
5423434749547838951638939695295832555313959955919349679325151212729317485642543312599623731575843544
1571366221783193461848749444545229226573849619425512371446413714664122591492839966664146595255759179
3964985178591322156623148236327912398916637972717693739434787395133827648493649636419525139975644143
6988345393483532825162323933241482372771897314784773869159691176341672591834539741248865318642755772
7733668254513484531732349777461366578798582971294126383515957862247936157794789776883923535342432728
6362213482747634415932541251983972128858167132377313421339284418676548277998755149865456694217126394
1583565312721653132413243254965426789932168853764866312775534931833262564758679794751677873657643162
2333289689367734588348713475846627944252229393662557722881388825296964846868794636597669362975889672
5559569836159359824993146152394518269873358981652481593214455249472184512732336215133441438231413692
4151758226251783146948489457182625842595734546923678985997485727493467947423349617949341287364775611
3393389123535277888861989737774419327556647658838976322835917588619968847992977285587583337718192773
